-20.7606	-7.11976
-14.8094	2.09942
4.50039	-5.71454
-5.23013	-3.91984
-2.36438	-5.01093
2.82461	3.2724
-0.0527102	3.73619
-2.02062	-20.4861
-20.9327	-11.5059
-12.0872	1.72241
3.33375	-9.06131
-7.82533	-1.86186
2.16156	1.03994
-5.56624	-5.77057
-9.8649	-12.1724
-9.35118	-6.13821
-7.2635	-16.897
-16.0631	-14.7068
-13.3877	-12.4877
-14.9408	2.64299
1.30588	-15.9897
-17.6201	4.02824
1.12915	-9.91684
-10.5194	-8.52134
-8.80925	-9.64934
-8.9716	-3.10499
-2.2265	-16.9498
-18.1444	-3.69905
-4.90318	-21.6693
-21.5694	12.514
14.6116	-12.7724
-13.8081	-10.2711
-14.0868	-9.96805
-16.0537	-2.66795
-3.07007	-21.1416
-21.6539	5.39929
7.66346	-6.88659
-8.46732	-7.64278
-6.04912	-6.25472
-5.36421	-15.5558
-15.1412	-11.7134
-9.98681	-10.8137
-5.35456	-20.1861
-23.8775	0.317315
1.58853	-9.22242
-10.6978	3.87712
5.04752	-1.55168
-5.59589	-19.4858
-18.5617	-0.351441
-1.06849	-15.8981
-14.6629	-26.0061
-29.1144	-2.5738
-5.85397	-14.3971
-14.0476	0.244252
-0.106048	-4.99581
-4.7793	-8.77356
-8.30736	-6.14642
-7.09739	-7.12476
-5.47999	-21.279
-20.9728	-0.148999
-5.50168	-13.3508
0.275589	-3.87201
-5.32755	-14.3723
-11.5625	-14.0995
-14.1855	-13.836
-11.7953	-6.41186
-8.02837	-20.9793
-20.2968	-2.64312
-3.10066	2.45512
4.96035	-2.11835
2.6635	-8.6459
-1.88968	-13.0411
-13.2967	-0.0844943
-2.94899	-12.3232
-11.9918	-21.0989
-20.4703	-2.90539
-0.499261	0.54584
-3.31157	-6.46181
-6.28058	-6.54253
-5.5313	-7.91551
-6.74414	-8.31972
-9.59108	-8.87675
-8.6471	-15.076
-13.0244	-9.36723
-11.4543	-10.1299
-6.37509	-0.361631
0.0609494	-2.25709
-4.21713	-20.3423
-22.2986	-6.53969
-1.03868	-5.21663
1.30414	-8.9912
-8.06401	-0.362241
-3.35322	-5.97163
-7.88131	-5.4498
-5.50321	-6.1922
-3.52515	-9.08178
-18.2448	-3.19353
-9.26635	-8.11887
-3.73052	-19.3874
-20.4357	1.37628
0.894378	-13.8233
-8.72972	-4.73741
-3.25277	-1.30392
-0.701085	-10.138
-17.5223	-6.28726
-5.9465	-3.39877
-12.0125	-9.02488
-3.53841	-6.89617
-10.2105	-2.38886
-0.50144	-1.67986
-4.90944	-1.47846
4.05005	-28.831
-28.0239	1.15361
-4.8909	-8.7725
-1.08161	-9.61003
-10.5077	-4.29243
-3.83479	1.24562
4.1262	5.07869
0.415584	6.45244
-4.05053	-18.0708
-17.9272	-4.28884
-1.67302	1.29237
-2.17691	-10.4216
-12.0451	-2.0212
-3.61956	-1.32213
-4.18545	-2.03006
-7.12433	-8.95834
-4.42227	-17.554
-15.8749	-11.9034
-12.2971	-9.24286
-8.50153	-17.0082
-16.7668	8.88921
9.77547	-1.24896
-1.65473	-10.4729
-14.6142	-3.54751
-4.393	-14.6712
-14.6966	-20.3918
-22.1192	-1.07022
-2.2391	0.568327
2.25112	-6.94113
-6.15218	-7.15904
-7.08164	-1.06817
-2.02832	-10.8251
-9.74351	-7.16897
-8.86814	-8.61061
-9.50409	-3.74609
2.29602	-7.08852
-9.32593	-3.95477
-7.81148	-13.932
-13.1489	-12.0293
-3.72862	-1.16598
-7.8827	-15.2125
-15.5841	-8.25936
-1.50943	4.22782
0.330607	-17.6421
-23.4052	-9.87803
-12.3877	-10.7632
-16.6223	-8.83263
-10.106	-18.5675
-20.0271	-12.6594
-9.6991	-18.6177
-27.5173	1.88212
-0.508285	4.28094
-5.8021	-18.3887
-10.2544	-7.19814
-7.37497	-7.36706
-0.129428	-5.39085
-4.13217	-11.5972
-11.7131	-12.3758
-10.5491	7.00722
6.47767	0.275642
1.89351	-6.84711
-6.16485	-11.0281
-5.9195	-4.65635
-5.72174	5.90233
-2.94032	-23.6766
-23.6976	-10.6907
-10.7439	3.17797
1.6655	-3.52531
-2.96155	2.61281
-5.05449	-4.57811
-2.9997	-4.57172
-17.5484	-8.31623
-4.22649	-2.87006
1.92875	-2.87251
-4.57574	-1.01134
-0.843329	-0.509646
-1.50988	1.02833
-1.08968	1.35292
-6.03589	-20.995
-23.4869	-9.14201
-6.88215	5.36966
7.3651	-2.26383
-7.51549	9.78146
1.52878	-11.0821
-0.224927	-10.3805
-12.6589	-3.36481
-9.78771	-14.8728
-14.215	-13.968
-17.1105	-5.74069
-7.59876	-14.9927
-14.6782	0.578958
3.84251	-0.131093
1.09033	-11.3561
-11.6382	-5.84162
-4.77086	-14.3979
-14.7094	-10.8644
-8.21239	-10.4388
-10.4301	-26.1191
-27.1528	2.64516
2.01871	-9.07591
-11.7199	0.864633
0.332094	-3.73436
-2.73128	-15.6732
-16.7478	-0.532768
-2.21411	-12.9726
-12.5639	-23.9747
-23.1733	3.65567
-1.09526	3.20471
5.50562	0.75165
8.37875	-10.5521
-5.29926	-12.7179
-12.2751	-14.7029
-15.5992	-13.8217
-7.74324	-13.7911
-14.6633	-8.59701
-16.527	-3.99313
-1.77728	1.56414
5.95064	-14.7886
-12.5797	-13.3501
-14.3524	-18.824
-19.8804	-3.05519
-4.40167	-20.9978
-20.1121	-1.10906
-1.0326	1.67446
1.26528	-10.7891
-10.6943	-11.9772
-12.4922	-21.1833
-21.1632	-18.7629
-19.2226	-4.20904
-3.68338	-9.15
-9.25468	-3.35534
-2.53409	-4.35404
-3.83618	-1.88492
1.7501	-16.4184
-16.1759	-16.4275
-15.5998	-13.6297
-8.71344	1.1223
-0.0526439	-21.0943
-20.9999	-5.64535
-3.78026	-14.0373
-12.4167	6.76931
11.1896	-12.9648
-9.05538	-16.9984
-16.9268	-13.9482
-13.6158	-2.29669
0.0118142	-20.6493
-19.7064	-0.746136
-0.416511	-16.7546
-16.6717	5.23156
6.36664	-10.5287
-12.5176	-7.10109
-9.14826	-8.38233
-7.86759	-1.12793
-5.42376	-16.9721
-13.0938	-3.3386
-11.7757	-8.74839
-6.19634	-5.75248
-6.76364	-4.84727
-5.60146	-19.2268
-15.875	-17.5199
-17.917	-3.17196
-2.76772	-16.5612
-17.8699	0.267832
-6.80639	-1.77601
-6.38861	-4.03555
-7.87688	-7.09881
-13.6964	-11.1739
-23.0803	-13.0997
-10.3111	-3.72948
2.32674	-14.3814
-14.0253	-8.25552
-10.1406	0.26295
1.97275	5.87528
8.72587	-12.9106
-12.0294	-10.7226
-8.69455	-6.22054
-2.3519	-2.88887
-0.523739	-14.4651
-11.3891	5.14166
3.66659	9.19557
0.647463	-6.68602
-4.78779	-20.3527
-13.8755	-11.3688
-11.9784	-16.0973
-10.9892	-10.8241
-8.65487	-14.2456
-9.02747	-2.55274
-1.06038	13.9698
10.5593	0.116452
1.17102	-2.30717
-10.4204	-29.2053
-31.9815	-3.85615
-2.99736	-10.6246
-9.3056	-7.50672
-5.15641	-3.29108
-6.10466	0.127161
0.955893	0.448304
-0.0209552	-8.5548
-3.79535	-14.8271
-9.03702	-5.86845
0.663279	-9.77501
-7.3732	-4.15691
-3.15439	-4.4849
-8.9608	-0.543739
4.29713	2.99055
10.2947	-0.13808
2.3973	-21.6609
-22.6707	-9.0403
-7.33301	-0.739433
-2.47799	-13.0121
-10.8871	0.647077
-3.72483	-5.29282
-3.03504	-6.16194
-6.91043	-11.6341
-13.4928	-12.2431
-10.6191	-9.19673
-10.0787	-2.4029
-3.59795	-18.7714
-13.879	2.64938
1.28221	-13.5646
-13.2373	6.08436
2.63303	-6.13044
-6.37073	-6.72658
-6.13302	-8.64687
-6.64886	-3.34289
-4.28344	-16.5708
-17.7557	-1.4698
-7.40517	-15.5168
-5.68302	-4.25329
3.48224	0.821856
-3.37019	-12.7632
-22.0273	-18.2612
-16.1237	-2.62698
6.3313	-6.84796
-0.885032	-6.88629
-6.79859	-7.25771
-18.7811	14.467
14.7639	-1.59419
-1.7538	-9.53158
-9.50977	-14.0517
-9.44063	-3.20666
-5.92687	-14.6926
-12.4009	-13.7896
-9.77005	-1.15001
-0.489034	2.10493
-0.338343	-1.65164
-0.0475824	-17.572
-21.095	-17.0138
-16.8799	-2.31547
5.94929	-1.57026
-7.02816	2.10276
0.143821	-5.64545
-6.18644	-5.39035
-6.70296	-12.0406
-13.4982	-16.6425
-16.3224	-20.3875
-20.4326	-0.234671
-0.411327	-9.67518
-12.7007	-4.05361
-5.47954	-12.3536
-14.0134	4.91682
0.696392	-8.98467
-11.3531	-6.65108
-6.59043	-11.3107
-11.8452	-4.5405
-4.469	-20.6828
-20.7271	-9.96939
-17.4081	-10.4693
-7.5505	-13.2152
-17.7116	-7.59898
-9.29578	-11.5684
-22.0131	-7.18442
-11.1779	5.03625
4.55197	-8.9567
-7.69501	-0.362099
-2.41875	-2.82891
2.68257	1.10051
1.92275	-0.120272
-0.457395	-19.4173
-20.9331	-11.3627
-11.1148	1.69042
-7.40051	-15.7838
-20.859	-2.47152
1.85129	-0.978242
-2.4549	-5.14063
-1.86038	-7.6621
-5.62841	-12.619
-15.7161	0.224054
-2.28746	-3.60638
-3.37092	-6.79547
-8.88139	-3.0744
0.649788	10.6529
1.636	-2.81658
1.86248	-5.28601
-7.79835	-24.012
-23.0331	-5.82184
-8.4356	2.4057
1.92304	1.63558
-1.65223	1.23777
-6.32036	-4.21894
-6.09686	-2.55189
-0.237476	-18.463
-17.1524	-13.718
-11.0793	-21.4541
-17.3951	-10.0994
-11.2893	-10.7776
2.65149	-6.60867
-2.87752	-5.29615
-3.3278	-9.91459
-6.20982	2.39296
-1.39269	-23.1885
-11.1876	-4.9978
-9.05993	-10.4052
-6.93242	-27.2451
-23.5443	-11.5052
-11.6074	-2.61531
-4.26309	3.77402
3.10541	-11.9765
-13.3921	-11.5089
-10.27	-11.667
-11.9379	-2.52
-2.57869	-15.8889
-15.2889	-6.44216
-4.52404	-0.973358
-0.190973	-5.34685
-3.98686	-10.1118
-9.27591	-10.3645
-7.95143	-15.4979
-13.3342	-3.89172
0.0493217	-9.81213
-9.09969	-13.3375
-2.08999	-0.929191
-4.1461	-6.0545
-14.5687	-4.96945
-4.20315	-6.61626
-7.31059	-16.6313
-15.4683	-10.1206
-9.7387	-8.72187
-7.30751	-4.9979
-5.96108	-11.3154
-9.2062	4.56756
5.57917	-3.42997
-5.2117	-22.8467
-26.713	-8.02748
-11.4242	-1.67697
-1.33339	-9.58736
-14.0704	-2.26444
5.17449	-1.167
-5.13618	-9.24604
-9.16645	-0.250373
-2.32452	-13.2084
-13.9327	-4.22023
-5.57595	-8.83989
-9.2159	-25.437
-25.6528	-1.88846
-6.76188	3.25948
2.42561	3.38157
7.43055	-4.61989
-0.65402	-5.73798
-3.43141	-13.7218
-12.5389	-12.4961
-14.4355	-5.63107
-8.24902	-9.2595
-10.5146	-10.79
-8.9893	16.5784
16.1964	-10.2547
-10.8255	-12.7208
-20.2707	-1.70947
-2.04466	0.517029
1.23004	-10.2146
-10.5751	0.00904296
0.515889	1.74318
0.58306	-3.69272
-5.11709	-13.4
-12.1574	-17.3081
-17.3202	-13.3255
-10.0162	-7.17075
-8.79066	-24.8308
-22.6608	-0.917031
-2.38932	-7.76222
-11.0117	-0.380422
3.25149	-5.53747
-9.0323	-11.9272
-11.6388	1.1296
1.49232	-6.1226
-6.83723	-21.2734
-20.6026	-4.54997
-8.66321	-1.36026
4.92794	0.231719
1.20192	-8.32543
-7.51247	-13.2584
-19.2777	2.46646
-7.6024	-8.1004
-9.80278	-9.91353
-6.63031	-6.3135
-9.54674	11.4756
-3.98237	-9.4778
0.354412	2.97853
-6.2667	-28.0417
-26.1491	-7.72424
-5.92132	-2.6295
4.098	-4.98249
-3.53856	-2.02988
-4.23189	-3.44616
-3.687	-6.48492
-3.91419	-12.8565
-14.8073	-16.5661
-10.9051	-20.4327
-24.3692	0.587996
0.781488	-10.4992
-6.99463	-5.33986
-8.29087	-10.4304
-10.0884	-5.75401
-3.77454	-15.0498
-12.2673	-8.41566
-9.72546	-9.76156
-5.39353	0.172367
3.54902	-4.83233
-0.92512	-7.78076
-7.84911	-7.96944
-5.11788	-5.79142
-3.09391	-3.16457
-12.4617	-20.3557
-21.3533	-9.01595
-10.9011	4.88405
5.41898	-6.60776
-17.7805	-8.73056
-11.9629	5.87849
0.667616	-5.30627
-2.81068	1.38337
1.16424	-0.44958
0.234566	-7.27608
4.41946	4.00303
-1.09456	-18.7047
-13.663	-4.92726
-3.77945	-1.46565
-5.55255	-15.7055
-19.1459	-5.89949
-2.83806	-7.74842
-6.10512	-11.4215
-9.37184	-5.73543
-3.88929	-12.0717
-11.3734	4.25346
1.55042	-2.78502
-3.21973	-26.2266
-22.5943	-5.90553
-8.45805	-7.84596
-0.489997	6.54705
0.772463	5.4041
-2.5014	-22.3394
-26.384	-9.39447
-6.28462	-6.39128
-6.81017	-1.22573
-5.62048	1.88443
-0.187282	0.323944
-0.323086	-0.654489
-1.59291	5.98565
-2.17036	-13.9388
-12.939	-12.2672
-12.8886	-6.5184
-4.93891	-22.7911
-22.5205	5.97137
6.37141	-7.75038
-8.78904	-5.48339
-5.40538	-2.92509
-2.71752	-8.81821
-9.26058	-10.8246
-10.9757	-2.36209
-2.61201	-21.02
-20.3576	1.36962
-0.684418	-18.2842
-18.9722	3.83626
2.36341	-6.07743
-6.94879	-6.64072
-9.14646	-2.14264
3.70684	-11.3537
-10.2748	-14.9017
-10.1986	-6.62602
-6.44907	-10.1347
-12.438	6.49993
-5.86595	1.77677
-1.87785	-16.8741
-18.1309	1.0176
-7.05274	-10.0106
-9.15621	-13.7583
-16.7626	1.98289
3.47553	0.529654
-3.59212	-7.73892
-6.46441	-11.9213
-10.4979	-14.992
-12.8541	-25.1157
-19.8403	-6.42258
-7.21218	-6.81897
-3.49555	-4.78067
-2.00968	-4.29217
2.37861	-11.4987
-2.79214	-6.34346
-8.07029	-28.4814
-28.7884	-7.55981
-7.75985	-8.6731
-11.3748	-26.0896
-27.1996	-3.99026
-4.36106	-7.62973
-11.8278	-0.000546765
0.448569	-0.407702
-4.99792	-11.9146
-16.5116	-7.40826
-6.33004	-2.48391
-2.22808	-14.3606
-23.1325	-2.88585
-0.72987	2.37459
-3.52958	-10.9068
-10.2867	-8.18457
-11.338	-14.298
-12.6977	-21.3619
-16.5138	-2.32059
1.63717	-16.7711
-14.8783	-4.62127
-4.22858	-26.3093
-28.2752	7.86847
5.81612	-4.578
-4.82022	-9.85307
-8.7288	-12.4045
-12.4736	-8.03212
-8.88691	-13.0327
-11.1364	2.25256
2.16816	-16.6783
-16.7488	4.4494
9.19852	-3.28316
-1.86106	-8.18365
-7.57566	-3.07604
-2.42674	-4.3926
-4.43662	-16.0568
-13.5123	-6.12977
-5.48216	-7.66275
-5.54889	-4.41709
-7.71354	-7.09315
-9.69844	-10.4291
-13.7632	-4.01266
-9.35671	2.67754
3.9415	-10.2042
-6.55079	-13.9543
-3.48551	-0.958346
-7.52425	2.21551
-3.70075	-7.42416
-1.93998	-14.984
-13.3031	-11.9755
-10.6684	-7.31728
-7.22249	-28.3399
-26.9528	1.24076
-2.41859	-6.32943
-6.77489	-5.09671
-6.64667	-0.275594
4.40622	-18.9007
-18.2456	-10.2529
-12.4335	1.19756
-2.69566	-10.8604
-8.43524	0.383841
-0.270362	-1.57349
-3.89453	-2.06435
-17.3795	-9.0673
-11.5247	-13.851
-14.2292	-20.6564
-20.3916	-3.8128
-3.70103	-17.9692
-12.9016	-6.05628
-4.66587	-1.75885
6.04141	-4.98619
-1.24213	-10.7324
-7.04583	-25.0216
-24.9562	-8.77155
-10.582	-9.76805
-6.75778	-5.27881
-6.46912	-4.50096
-0.725198	-0.910345
5.97632	-2.79552
-0.419214	2.2075
-10.3299	-25.7547
-25.6475	-5.42669
-5.94497	-8.52236
-2.65068	-17.8194
-15.0184	-8.98934
-5.6652	-4.6494
-4.42695	3.24801
6.23285	-3.18384
-1.87866	-5.86606
-5.13406	-16.3986
-14.5903	-12.0604
-13.9273	-2.77829
-1.25808	-9.01818
-3.63356	-10.0297
-11.6141	5.3873
4.6907	-1.42403
-3.32277	-9.78172
-11.6069	-21.4059
-21.8406	-7.11403
-4.21468	-0.710152
-2.08434	-1.85384
1.02113	-10.2427
-6.39177	-3.87796
-1.76812	-13.7495
-11.115	-11.3808
-11.1549	-22.0457
-20.1413	-0.224115
-1.66624	-9.17253
-13.1537	2.37211
-0.505053	2.21387
-7.699	-5.11771
-7.42226	-4.68563
-4.70309	-16.2169
-17.3715	-12.9789
-13.0928	-1.36176
2.62754	-4.78775
-1.06589	2.09476
-9.44988	-9.14497
-3.08967	-2.31939
4.43226	-2.67669
1.3575	-28.5788
-26.4664	-10.4645
-11.1043	-3.23762
-8.85377	-0.939637
-5.29912	-4.67075
2.08584	11.8133
6.59232	-6.78083
1.78437	4.80899
-1.56432	-23.8122
-24.2967	-9.18012
-8.28177	-5.18176
-5.51887	-3.79968
1.15059	-2.91888
-6.1595	-0.879665
1.33998	2.25585
-4.43535	3.03538
0.378334	-20.7182
-22.1138	-8.71171
-12.3082	-0.0568325
4.08313	-6.40744
-5.82294	-3.45435
-2.35663	-3.82033
-17.0754	-7.53493
-12.3357	1.76246
0.209855	-0.0339271
-6.91301	-0.340666
-2.8362	-2.04278
-1.25194	1.36139
-2.91637	-5.11097
3.40129	-22.634
-24.3815	-11.7073
-12.1955	5.29987
2.01326	-5.25183
-19.2459	-18.9415
-6.61932	-9.08811
-10.6089	0.231039
-4.37815	-0.204317
-5.24343	-11.3444
-11.7851	-13.285
-14.2662	-9.12125
-10.6787	-10.4643
-11.2971	-10.5047
-10.6489	5.5867
3.73371	3.92972
-2.23887	-9.8961
-8.82409	-14.6606
-17.2236	-5.74052
-1.44116	-0.293485
-1.33889	-6.81643
-0.305748	0.125848
-3.27591	1.08564
4.76229	-8.67648
-10.2078	-4.33891
-11.0309	-9.28264
-9.19412	-16.5888
-18.8452	-7.00916
-4.93469	-5.39221
-7.7394	-6.37702
-4.56944	-3.13347
-2.93449	-7.23638
-8.79588	-7.96148
-8.3469	-9.52599
-7.98526	-13.6104
-9.73643	-7.24381
-4.1153	-19.3319
-13.0972	-5.43032
-2.75322	-13.746
-11.4741	-3.54175
-5.9488	-4.13931
-4.12183	-14.442
-17.0742	4.13287
-1.25279	-11.9795
-9.91901	-8.55265
-10.0352	-12.536
-10.7861	3.97772
5.50796	-0.132156
1.45278	-15.5981
-16.8181	-9.4972
-8.60244	-12.5214
-10.1473	-10.8701
-9.53154	-9.8978
-6.6183	-3.92596
2.66386	4.95151
-1.01202	-10.9988
-2.41425	-3.88231
-5.49317	-31.7071
-28.2185	-5.16212
-1.65268	-4.99011
-10.4838	-2.97575
-0.322999	1.83247
-1.30159	-1.72132
0.3804	5.13777
0.709813	1.61716
-1.97115	-12.1096
-17.5281	-10.2286
-13.7909	-2.2079
-4.96475	-21.1945
-21.4764	-5.97478
-3.43789	0.450298
0.332505	0.760421
-3.79981	-8.95492
-7.40157	-15.3566
-14.2733	-10.3041
-9.4417	-12.769
-12.1091	-14.7285
-17.5373	-1.8382
-3.84421	1.02942
2.68469	-3.34582
-8.7036	-3.46975
-0.768403	-11.7959
-11.1355	-2.34515
-3.36925	-6.68588
-5.53014	-16.0649
-14.0875	-8.84267
-7.71561	-4.3746
-2.11498	3.28522
3.77754	-5.5325
-7.47155	-9.20039
-9.03925	-22.1255
-24.196	-4.29991
-2.99722	-7.07558
-3.95704	-1.77772
-0.445564	-10.676
-8.45402	-6.21881
-5.88226	1.83409
-2.36888	-4.59247
-5.11924	-15.0808
-13.7701	-16.3637
-14.5039	-12.0388
-11.6261	8.79824
2.19527	-9.48687
-11.0139	4.23357
6.34653	-6.75424
-10.5046	-13.1042
-14.2436	-19.5335
-15.4235	-0.688184
-0.551544	-21.9919
-17.5767	-4.66621
-5.21696	-11.2203
-8.52036	-2.04648
-1.57173	-6.10757
-1.35357	-7.46537
-9.40445	-9.76977
-10.4993	-4.20906
-2.5296	-18.4107
-17.987	6.76825
5.038	-4.11985
-1.40452	-12.9734
-8.35051	-7.38097
-11.3069	-9.69619
-9.85348	-18.3708
-14.9805	6.89486
3.9984	-4.81175
4.19995	-2.95595
-6.26589	-6.7595
-5.82403	-11.192
-4.70489	4.08099
-4.49948	-20.4458
-19.9755	-12.9121
-11.5101	7.71455
4.64561	-7.47176
-7.31778	-2.11163
-3.30499	-3.08055
-3.16054	0.250312
-1.26912	8.87147
-0.989924	-21.4746
-22.2847	-13.9807
-12.1123	8.29167
-20.8259	-8.21548
-11.2612	5.06257
3.93822	-4.31612
-5.45326	0.00385522
-0.342971	3.08225
0.922584	-3.84493
-5.16164	1.9658
4.62256	-23.6683
-22.8589	-10.9333
-9.01978	5.72411
6.45207	-6.12908
-9.98969	-6.44652
0.988948	-12.5142
-4.28841	-0.905571
3.35965	-6.66056
-8.57604	-7.89419
-6.01864	-12.9331
-12.5629	-11.6986
-10.7958	-7.36618
-8.12372	-5.48705
-3.20759	-13.3328
-13.0381	3.55344
5.68171	-3.49594
-4.9118	-10.1472
-10.6431	-7.72903
-6.60918	-1.97767
-2.13725	-19.6268
-20.9991	-5.64968
-5.50349	-17.3137
-19.1141	12.2507
10.6347	-16.3065
-16.8101	-10.7731
-13.9748	-15.1054
-15.4635	-7.03385
-8.61486	-13.6044
-11.5995	-9.14492
-3.8469	-1.32459
-0.0460129	3.52629
-2.32247	-19.0577
-16.3607	-19.0978
-19.0073	-21.5876
-23.231	-3.02232
-3.77106	-6.82943
-6.7187	-3.34114
-2.79055	-4.77369
-2.41651	0.853447
6.02864	-5.09635
-9.97341	-8.49018
-11.228	-13.7084
-14.1718	-4.5009
-6.30217	-10.7754
-6.13284	-4.75436
0.348483	7.90792
4.581	-2.49151
-9.85354	-7.66173
2.93152	-17.4645
-13.0669	-15.5431
-19.4199	-6.23272
-2.48056	-18.4891
-14.2347	-7.81451
-3.27291	-4.31586
-1.65219	-0.840005
-6.87099	-14.0855
-15.0095	-16.2255
-16.788	-22.2722
-21.0467	-0.514022
1.02538	-12.1325
-8.55298	-1.80757
-2.08641	2.13735
-2.99759	-10.309
-9.74337	-16.3785
-18.726	-9.41706
-11.9643	-11.6962
-16.144	-3.19262
-0.94431	-7.64209
-5.5282	-2.13495
0.139379	-4.49655
-1.76543	-6.60774
0.892308	-3.12306
-1.19059	-21.4806
-23.7701	-3.42
-4.97686	-4.59252
-1.91638	-10.8574
-21.5486	0.824318
0.105523	-11.5174
-6.49426	-4.16497
-2.46939	3.67666
3.61555	-14.1142
-15.6246	-4.89821
-4.85523	-4.55299
-4.07582	-21.9795
-20.5478	-4.3265
-3.85127	2.28939
1.76684	-2.84404
-3.1072	-10.1109
-10.1645	-10.3341
-11.2543	-15.596
-13.8649	-6.31515
-7.81422	-15.9007
-12.9977	-2.95344
-0.0474625	1.21156
5.05046	-0.489963
5.38226	-3.10092
3.4815	-28.0557
-27.7372	-10.2791
-7.56355	-7.52528
-3.42668	-5.59424
-9.19325	-1.80304
2.06441	1.75418
5.55852	0.01745
-9.2901	-7.66439
-5.94006	-13.7986
-15.223	-14.649
-15.4576	-5.74105
-4.62517	-13.8722
-11.638	-1.63537
-0.791321	-1.13626
4.2767	0.649277
2.12845	-10.7738
-7.95397	-7.29104
-6.18993	-9.75577
-7.87816	-0.15893
-0.53218	-9.87381
-9.4471	-0.0159303
-3.4866	1.70669
1.14468	-0.463567
6.1511	5.76196
0.409145	-23.9215
-23.6815	-17.1466
-13.7781	3.07422
-2.23965	-8.21608
-9.4237	-0.902445
1.13374	1.05079
-1.84408	-5.12824
-7.93257	-12.3828
-11.4416	-14.1657
-13.8131	-23.323
-22.6481	0.0802963
0.600308	-8.42343
-10.4061	2.75382
5.32069	-1.76411
3.28887	-8.10524
-3.73485	-13.3953
-3.82216	-13.8929
-13.439	-1.07118
-5.5568	-4.54053
-6.78269	-23.1868
-21.7795	2.88635
2.01349	-6.79766
-7.72591	4.58082
3.99937	-4.91407
-2.17206	-10.0785
-9.87034	2.54293
3.30661	-10.0159
-10.2557	-18.7683
-12.1367	-8.5817
-6.46257	-4.13437
-2.82108	-2.73958
2.70227	-1.14845
-0.265997	-20.8162
-22.7553	-11.0475
-8.81471	-1.28291
2.65136	-3.97258
-5.04202	-4.90875
0.62088	7.36238
-2.10334	2.48251
-6.46756	3.19408
-0.678232	-21.173
-20.6915	-15.8871
-12.4824	-8.61673
-4.74453	-6.09753
-12.8995	-3.15735
1.05308	-3.97189
-2.33543	-5.54106
-2.42516	0.522442
-1.01289	-22.06
-22.6021	-12.0662
-10.0594	3.53171
4.53281	-4.74144
-6.87091	0.763248
-2.71669	3.81892
3.27482	-5.13514
-17.72	-8.34282
-9.61094	2.68806
6.19157	-1.27624
-4.47306	-1.95949
-0.359544	5.13217
1.44351	2.40862
0.87225	-1.51407
-7.06687	-19.0137
-13.7379	-9.74967
-10.4142	-7.2594
2.17401	-17.3235
-13.9227	-3.49069
3.7278	-6.34287
-7.94906	-10.7623
-14.2165	-5.93805
-6.04627	-19.0903
-15.4952	-10.6153
-7.75001	1.68462
-1.53216	-17.7828
-16.3083	-0.866966
0.230083	4.02681
-0.736247	-1.90787
0.62025	-0.251295
1.82281	-25.5687
-12.2263	-2.0229
-5.60707	-8.13289
-13.3848	-21.1638
-19.5509	2.89721
1.68823	-4.81042
-0.738504	-3.77383
-5.26397	-2.78559
-7.55938	-8.12502
-10.6106	-5.31515
-4.32553	-4.86793
-3.72006	-11.4793
-9.5127	-2.71255
-2.35958	-6.55122
0.528999	-7.64081
-3.7112	-7.04976
-6.10105	-13.0241
-13.2989	-12.1486
-11.0969	-8.08025
-7.7717	-18.8729
-19.8108	-6.11111
-4.30591	-2.71837
4.8365	-7.27606
-5.71521	0.0706434
-3.37305	-14.1745
-16.9699	-14.3912
-3.19337	-3.71017
-2.18786	-9.5911
-20.2554	-2.68666
-7.19351	-7.62675
-4.2162	-11.0105
-10.626	2.03244
0.489857	-9.32259
-6.6139	-6.72415
-7.75101	-9.34968
-7.83687	-15.3928
-16.9359	-5.42708
-5.77444	-14.9613
-14.5918	0.360862
-1.63091	-6.53819
-8.04902	-4.43265
-3.72335	-6.56583
-2.00411	-6.49583
-5.81898	-10.1412
-12.2699	-9.68737
-13.0101	-4.34092
-7.48298	-8.9453
-5.06169	2.13325
6.75147	-27.159
-26.3708	-7.99286
-8.65519	-9.94654
-1.84456	-10.6121
-5.77344	-0.473099
-2.69083	-8.71863
-10.4161	3.00701
2.25511	-1.94593
-3.22141	-13.9116
-14.3466	-0.27346
0.653068	-12.453
-11.3119	-25.7614
-28.0442	4.77923
4.69467	-10.8955
-9.51836	1.41035
-0.0195942	-3.79047
-3.17095	-16.8345
-17.8531	-9.06432
-9.99327	-8.03949
-8.02346	-20.2407
-18.8834	7.15745
4.73137	-0.508942
-0.131356	-8.85349
-5.9837	-10.0703
-12.0028	-10.3541
-10.8105	-8.78613
-8.01334	-1.74887
-0.576305	-22.7608
-22.194	-3.7057
-3.85513	-13.6876
-12.9154	2.34056
5.82369	-15.0785
-12.4211	-9.95984
-10.0493	-11.4681
-12.5026	-3.66439
-4.98336	-18.0187
-18.6462	1.5723
-1.05203	-0.713361
-1.15752	-9.39726
-9.7638	-7.77841
-5.32826	-7.06486
-9.81536	-3.52469
-0.911398	-7.74825
-5.25723	-5.77563
-9.96389	-10.1247
-3.3342	-1.1876
6.37189	-11.9252
-4.40145	-4.07442
0.622357	-12.4118
-13.6239	-5.07279
-6.55752	-4.25308
-4.18429	-25.1871
-21.6787	-6.59978
-11.7659	0.622963
-1.19142	-0.431733
1.34648	-10.7629
-11.3093	-12.7213
-12.2734	-15.3095
-17.0483	-11.5142
-12.827	-8.01554
-9.16751	-9.55482
-7.999	-6.10381
-6.80871	9.31892
10.5224	-11.7784
-12.015	-9.67958
-10.1503	-15.9008
-16.9667	-6.59947
-6.82831	-11.1584
-12.4109	-10.119
-6.88262	-0.260757
-2.37052	4.47608
4.21011	-15.4588
-15.5834	-14.3841
-13.6983	-19.1142
-19.8149	-5.70254
-5.79181	-8.41782
-8.6138	-6.96922
-5.42961	-4.0661
1.31044	1.07896
2.19902	-4.04654
-8.501	-21.0174
-26.5175	-2.88736
-4.8927	-6.99523
-4.35547	-6.21885
-13.583	-3.77433
-4.79171	8.99389
-4.76967	-4.8679
-2.19072	-9.48827
-7.91578	-8.92592
-8.50268	-15.2304
-14.0316	-4.49077
-3.90356	-10.6685
-10.6325	-15.8931
-15.4923	-12.7066
-10.8097	6.02549
0.839631	0.599671
-1.93915	-9.30606
-10.8079	-2.32547
-5.13902	4.93075
3.65901	-5.87824
-6.82525	-3.66016
-0.00297956	-8.478
-0.723287	-2.90054
-1.71616	-2.8922
-2.9451	-12.8986
-12.7285	-4.97518
-7.2866	-10.3974
-5.20402	-17.0402
-19.0725	-3.48387
-3.56986	-16.5872
-12.9431	-2.1792
-0.823487	-7.58724
-6.25281	-4.53238
-4.97916	-4.74774
-1.22213	-1.9941
-5.41698	-11.257
-8.91939	-10.3751
-6.82614	-0.931172
-8.75817	1.77006
1.09274	4.05314
-2.17307	-25.15
-24.1145	-8.06253
-11.7136	-0.618081
0.298158	-5.40693
-0.754969	-1.63854
-1.35435	-5.12496
-3.42834	-1.23524
-5.87876	-11.6709
-11.0818	-25.2445
-23.4882	4.17577
3.78978	-11.6966
-7.23004	-17.7465
-18.0617	1.36733
2.72458	-0.248114
0.972505	-4.32274
-6.01116	-5.95005
0.601678	-18.9193
-21.9426	-6.94502
-9.27802	-6.77027
-13.5062	-10.4085
-3.44384	-3.07461
-2.65971	-1.11114
4.54146	-1.39869
-2.35483	1.13627
1.93678	-20.7416
-20.2786	-15.9534
-12.1034	5.15924
-0.710833	-11.393
-9.30276	-5.29309
-4.0185	-2.83693
-5.48652	-8.38791
-9.84889	-10.4229
-11.2622	-15.6595
-14.5062	-7.99759
-14.7831	2.84404
0.242702	-16.865
-13.6208	0.879093
-5.29785	1.49769
-7.42846	-1.0718
1.75837	-5.81918
-7.9926	-8.79619
-6.72814	-6.27726
-6.34495	-2.95073
-5.53404	-9.62775
-14.6686	-6.52717
-6.79812	-6.94905
-9.72008	-3.78914
0.114604	-9.62152
-0.551557	-15.1571
-23.5331	-11.9413
-5.46186	-9.07821
-4.17547	1.54033
0.813457	-2.78024
-4.82899	4.77641
2.61629	-0.368171
1.76006	4.04172
-1.32488	-26.4419
-28.4618	-1.27805
-2.25347	-8.4801
-5.06551	-2.61136
1.85932	-2.3356
-7.51769	-3.69024
4.69948	-4.16334
-3.94034	-5.64718
2.19376	-22.2444
-21.7274	-10.6717
-8.58507	7.87658
0.10106	-4.67574
-1.72374	2.00464
3.91949	-2.8144
-5.32357	0.39496
-21.1806	-7.3028
-11.3808	0.654354
-1.76673	-7.69238
-3.89042	4.14605
0.478129	-5.47882
-1.9562	-4.7435
-0.113311	-3.0539
0.447218	-21.0789
-21.9552	-10.3831
-10.2077	0.569068
-0.953926	-11.5647
-26.8201	-19.4635
-11.3349	-13.9747
-9.04492	-4.49024
-4.88263	-2.4411
-1.07727	-14.2002
-14.7706	5.56738
5.45766	-15.1936
-15.7042	-21.5792
-20.9538	4.81154
6.61512	-3.84846
-5.34267	-8.23586
-10.0535	-9.12547
-10.5456	-14.0796
-11.4422	-20.042
-16.525	-2.88315
-1.13163	-19.7885
-19.0162	-10.8138
-12.6983	-8.38584
-9.87902	6.37438
5.13882	-9.08008
-4.01911	-8.69379
-10.5195	-21.1384
-20.9842	-8.40346
-9.50082	-3.24722
-3.72134	-13.273
-13.1241	-1.92064
-0.259986	3.71048
-0.277477	-7.27877
-2.97103	-8.13892
-9.55678	-11.6968
-9.0536	-3.13152
-4.1856	-10.6636
-6.43448	-4.60623
-2.38949	-2.49595
3.33729	3.76129
-7.53078	-14.9525
-14.85	-12.1698
-13.4282	-13.0441
-12.9626	-12.9001
-12.6296	-7.07419
-6.39024	-20.2171
-8.11345	-8.59111
-1.9676	-3.92149
-5.10596	-8.38396
-8.37346	-19.3051
-20.771	-8.1663
-17.0623	-9.30185
-4.75085	-10.6276
-8.29023	-4.03316
-6.2845	-1.28304
-2.93367	-0.524666
-1.89122	-16.5362
-17.0543	-16.3458
-15.4191	-17.8737
-15.9675	-5.39519
-6.81549	-8.19643
-9.242	-2.43701
-1.42467	-12.5636
-12.8572	8.59417
6.56278	-9.7645
-5.38185	-8.59134
-9.54015	-11.5767
-10.7656	-0.210062
-0.941786	-14.0379
-13.8627	-6.54396
-5.0189	-23.8868
-24.9916	4.72646
5.92862	-4.64658
-3.15977	-11.6256
-11.7052	-8.97704
-8.4142	-2.98847
-2.36619	-8.22066
-10.1456	-1.82957
-1.08171	-10.8591
-12.1099	-2.91292
-3.87915	-0.696918
-1.48947	-11.3746
-11.2942	-17.5007
-17.6322	-17.8788
-17.7254	-0.693131
-2.98967	-4.1442
-6.0619	-14.3277
-14.8335	0.686076
-1.47127	-0.798149
-2.0578	-8.35567
-10.6842	-8.69309
-6.06621	-0.056491
0.35963	-12.9185
-11.2449	-12.0904
-6.78729	-13.4049
-9.4554	9.25527
11.7115	-10.6557
-13.609	-14.4535
-14.076	-12.644
-14.2628	-9.93686
-12.5478	-8.02647
-4.97364	-5.84899
-6.83217	-4.67744
-5.49543	2.21926
3.44051	-14.9973
-12.5882	-8.59619
-12.3979	-19.7563
-19.71	-9.60431
-9.32435	-1.7969
-3.47642	-5.51132
-4.42136	-7.56395
-7.5345	-0.115791
0.146298	-15.7949
-15.2745	-12.1007
-15.9936	-16.3077
-17.2479	-6.08046
-5.46152	-6.90143
-7.02968	-4.0023
-4.65178	-4.15912
-3.16798	-4.10174
-6.37098	-12.6049
-12.4983	-11.7857
-10.0062	-21.3461
-18.6288	3.70256
2.07925	-20.4486
-19.8285	-0.695218
-2.07254	-10.4806
-12.5526	2.065
1.65325	-6.88195
1.72233	-4.50524
-6.37406	-3.64993
-2.73083	1.44097
1.8334	-8.82198
-0.818035	-5.46687
-4.96307	1.81239
-0.918714	-6.64899
-4.84906	3.62833
4.28268	-26.8769
-26.5405	-5.92647
-5.77333	-5.72278
-3.79251	-8.31175
-7.10469	0.436856
-3.08133	-10.0866
-6.74755	-1.70377
2.49615	-1.46203
-1.74437	-13.8538
-14.2008	-9.06626
-11.5502	-5.73804
-9.77981	-16.3959
-21.0261	0.0337477
1.16021	-6.04084
-1.86061	-3.18555
-0.790836	-11.3177
-13.7361	-23.2015
-26.1108	-9.49165
-8.2314	-7.22523
-4.87172	-2.53112
-8.46765	-6.22598
-11.8109	6.11296
3.89648	-2.21632
3.76819	-2.78606
6.74171	-21.2643
-22.1441	-11.5757
-15.6212	-6.464
-3.07851	-14.206
-18.2011	-2.67633
-2.46349	-4.41671
3.21071	5.01116
8.28714	-8.27445
-7.20455	-12.8741
-12.8556	-22.7088
-24.2544	1.83233
0.824547	-5.13197
-2.6396	-3.56754
5.64882	-6.54754
-5.52538	-2.3317
1.92415	-4.76765
-1.95739	-13.9896
-18.8554	-6.38032
-10.8139	-8.55222
-5.78289	-4.95002
-8.2672	1.07349
2.30734	1.24604
1.92471	0.580102
-5.26014	-3.87665
-3.40393	-21.5547
-18.0067	-3.03551
-0.425533	-4.11352
-8.2507	-19.7424
-21.0403	0.626857
-1.92045	-6.20747
-7.98623	6.13556
6.64167	3.85259
-5.05667	-17.1174
-18.5537	-9.91536
-11.3497	3.49475
1.47871	-6.74507
-7.28876	-4.63309
6.70956	1.08442
-8.9925	-5.81289
-1.91318	0.287303
5.3901	-22.4449
-15.4442	-24.0283
-12.5272	-2.67948
1.42885	-0.455527
-13.4448	-1.2315
1.57673	-6.85719
-9.49448	-4.36341
-3.19537	-12.6996
-6.9477	-4.27586
-4.59443	-9.24715
-7.79133	-8.12362
-8.64417	-12.2817
-15.2042	1.64386
-1.86331	-7.11765
-4.6011	-4.56021
-4.44867	-3.09516
4.92604	-20.1825
-25.6274	-16.8885
-9.66519	-6.09001
-2.1772	-8.19409
-4.97828	2.01764
-0.987298	-8.67425
-9.68003	2.58888
4.15941	-4.98482
-3.37928	-7.17139
-10.3894	-16.3906
-19.1228	-6.3184
-8.33141	-4.84171
-1.64126	-4.26405
-4.29001	-8.64617
-8.53368	1.78312
2.36817	-6.0696
-4.84383	-5.98545
-5.39677	-15.4924
-14.0825	-13.6277
-9.2286	-13.4451
-10.9486	-4.01489
0.0706879	-1.68565
1.18372	-2.27603
-4.67086	-5.15625
-9.52981	-12.9747
-11.0615	-5.51698
-4.10926	-1.17583
2.79451	-6.33171
-11.7571	0.608988
-0.683898	5.08269
-3.54163	1.55839
-1.81194	-0.596254
-1.48465	-21.8191
-22.3996	-9.51258
-12.8903	0.345103
0.819282	-7.99626
-7.69556	-4.48279
6.07868	3.12441
-1.32386	5.45705
-21.5266	-10.4736
-12.7108	2.76392
3.33257	-6.70961
-6.18306	1.45963
4.47788	0.664611
-1.95954	-3.3752
-11.9759	-10.3278
-12.0045	-18.2991
-13.861	-18.3878
-17.3191	-2.36729
-1.82126	-5.65561
-1.15895	-3.81776
-7.43712	-4.44884
-11.1566	-0.655248
-5.23601	-9.84732
-10.8917	-15.3581
-13.6126	-23.756
-22.6456	-7.45401
-7.5886	-1.99155
-2.34894	-4.48291
-4.14523	-9.06249
-8.00494	-1.3417
-1.36216	-12.7664
-13.3995	-19.3973
-19.4074	-22.4817
-21.2107	-0.927668
-0.903939	-10.3139
-13.8136	-2.93033
-5.72289	-2.55136
-12.6921	1.27901
0.65998	-11.1857
-10.0612	-6.08097
-5.59511	-6.97382
-10.6497	-2.03427
-6.9324	-8.13105
-3.81021	-0.842735
-5.02004	1.55231
7.28004	-12.6681
-9.95543	-1.63728
-4.52215	-24.1211
-15.6286	-4.15457
-5.98987	-13.689
-8.77433	-11.8912
-10.4713	-25.5185
-26.369	2.68017
3.20621	2.23402
3.10754	-8.22047
-5.32521	-10.3207
-11.4193	-2.68077
-1.81817	-8.97879
-9.20935	-10.6672
-10.0341	-17.9417
-18.4663	2.16866
3.50383	-0.333537
-1.6702	-3.72866
-9.61662	-11.548
-11.6065	-5.77812
-6.65796	-4.2181
-3.44637	-21.709
-20.9912	-4.22282
-0.365013	0.184945
-2.08019	-1.27455
-0.486636	-7.1789
-4.5735	-16.2185
-16.1289	-9.07598
-6.78342	-10.6022
-10.4618	-26.127
-25.1023	2.44532
0.860039	-7.05749
-7.53555	2.14157
1.85949	-0.785711
-1.64256	-18.2673
-18.4745	-3.76851
-5.9849	-11.0446
-7.37579	-25.3852
-22.8554	-0.0358025
-3.50079	5.35845
-1.96285	0.39394
1.86376	-11.1794
-8.40861	-8.60756
-10.0323	-21.7721
-21.0484	-15.8385
-18.1476	-0.735966
-6.09844	0.583936
-2.45651	-11.5354
-10.8392	-5.75251
-2.86447	-3.32066
-5.15923	-6.28037
-7.48588	-8.31884
-8.01101	3.79668
2.54102	-11.4906
-8.01172	-11.3104
-5.7701	8.04901
2.90259	-8.98409
-2.3902	-3.99828
-1.16229	-26.6688
-26.8387	-5.45895
-11.2827	-8.59454
-5.80215	-5.13763
-4.20993	-1.65877
2.18323	0.269375
-5.56776	-9.34658
-6.57785	-11.1834
-10.5159	-14.7285
-13.9371	-20.8466
-19.8036	0.26066
-0.665399	-14.9195
-12.9719	0.456521
4.346	-20.1143
-15.7773	5.40599
3.63637	-7.53724
-6.74633	-5.67435
-8.59275	-3.5216
-6.64679	1.73292
-0.495207	-8.05346
-11.3641	-2.8347
4.47993	5.32857
10.6266	-2.50187
-13.2318	-6.51768
-3.18252	-19.8537
-17.095	-22.8631
-15.745	2.29352
-7.52343	-8.32718
-7.4548	-9.26142
-11.4894	-9.5992
-9.82988	10.7497
14.623	-12.2949
-14.3172	-12.3172
-11.9704	-12.02
-10.8955	-4.38574
-4.83253	-21.0579
-19.6248	-10.3565
-5.45343	8.01378
2.68591	-3.40321
-6.20481	-10.211
-8.35863	-16.2713
-17.247	-14.4383
-11.9814	-5.40419
-5.69238	-14.8419
-15.8058	9.38873
10.4223	-8.60887
-7.18343	-4.56806
-5.4714	-7.20741
-2.67924	-14.5368
-12.4521	-6.74165
-3.87834	2.66161
2.37431	-12.3679
-11.3775	0.245807
0.36468	-1.62169
-0.673721	2.29645
-3.84919	-7.11111
-6.25553	-20.2485
-22.395	-11.1051
-9.88631	1.78708
2.47365	-7.43011
-20.1437	-6.80539
-11.0777	2.02841
2.64178	-0.192013
-2.90399	-1.53906
2.32248	6.37796
-3.12326	0.635434
2.8989	-0.872349
-2.83418	-20.5247
-20.522	-12.0489
-12.31	3.03061
6.98668	-8.6943
-5.3149	-6.60559
-11.574	-9.37564
-5.86038	2.33907
-4.99832	-8.66303
-7.94463	-10.2298
-11.492	-7.27692
-15.7802	-2.8958
-4.66464	-13.639
-9.00375	-1.94915
-2.7386	0.918684
1.23824	-4.91103
-5.97427	-14.6368
-13.8523	-10.1383
-11.0558	-9.75257
-9.4917	-2.68199
-3.72997	-19.1658
-20.9617	-1.70154
1.2597	-6.42624
-7.04596	1.01127
1.09197	0.300304
2.32356	-10.4114
-8.41353	-7.05533
-5.46359	-3.67521
-2.86074	-12.1462
-11.6195	-11.3887
-10.6095	-3.18194
-8.80972	4.41946
2.24582	-9.42851
-10.0412	-16.8844
-10.9908	-13.1902
-12.7768	-7.19562
-6.88188	-10.2776
-9.04535	-12.1843
-14.654	-2.54177
2.00802	1.92689
4.80622	-8.07163
-4.14319	-14.4851
-20.8297	-1.10473
-3.55212	-5.10292
-8.19846	-8.42815
-8.74032	0.274419
-0.0871705	0.552851
3.10746	-13.2395
-10.7571	2.31837
14.8122	-28.9675
-30.078	-6.67688
-2.70541	-10.3286
-5.87922	-11.6629
-14.0682	2.55276
-1.39553	-4.52383
0.432901	0.581525
-3.26646	-1.23642
-4.23432	-14.9351
-14.7313	-14.9823
-16.7114	-10.3054
-9.47143	-14.9062
-14.0354	-5.81277
-6.15683	5.64742
1.9457	2.34215
2.974	-15.7056
-15.5377	-10.2887
-10.7179	-20.1908
-20.9945	-6.1697
-6.9419	-10.8287
-9.70776	-11.7634
-10.4821	3.12438
3.90066	-5.16548
-6.86433	-14.4968
-13.0169	-11.686
-11.3425	-23.7228
-23.6179	-8.38567
-8.44585	-6.44754
-7.81817	-13.1042
-12.0179	-5.56742
-5.35756	5.15632
5.70139	-8.89803
-2.7469	-8.19632
-13.2738	-6.77927
-1.14943	-6.28866
-2.99472	-3.42544
-2.41128	-8.50067
-8.14216	9.7074
2.82651	-8.84803
-6.83132	-5.70749
-8.98667	-28.1637
-30.1521	-13.3327
-9.71322	-5.72963
-2.94062	-5.41996
-7.5227	-8.06256
-5.78723	-3.58901
-3.05813	1.19796
1.33678	-9.07811
-7.22006	-7.61391
-7.6864	-14.9673
-6.7093	-0.687918
-0.678338	-19.9919
-20.6536	-4.65552
-4.93739	-14.1394
-14.8089	5.6097
5.21626	-10.8289
-11.4388	-8.80744
-8.12096	-5.81676
-5.80103	-4.04725
-6.88365	-24.092
-22.4923	2.23764
2.93077	-19.7815
-20.8527	4.51218
-5.35174	-7.22982
-7.5434	-17.5226
-18.4686	-12.493
-11.5085	-10.0249
-9.51632	-26.8261
-27.3381	6.12478
4.56487	-4.35319
-8.21123	-0.514544
2.55223	-2.35113
-6.85326	-8.63373
-10.9762	-4.81915
-4.27687	-0.0215236
-5.60351	-16.2588
-9.45551	-0.799156
-4.99476	-0.19489
-0.807848	-7.47408
0.930102	-7.21207
-6.4461	-26.513
-21.9108	-3.94871
-3.08494	-0.201803
-4.73088	-15.0686
-13.7354	-5.71413
-8.11861	3.36174
2.13806	-1.64038
0.0250025	-11.985
-15.9038	-14.8395
-14.3485	-16.8102
-11.6893	-1.02614
-3.80609	-12.8188
-14.0032	-16.2054
-3.21378	-1.05312
-1.07336	-0.774619
1.79889	-0.733275
-0.0943454	-13.9655
-12.5859	-9.80245
-13.5858	-5.76379
-2.60801	-21.9268
-21.9714	0.200479
-2.55948	-1.40218
-5.20893	-8.20452
0.141804	-5.13702
-5.43474	-8.06846
-8.16944	-8.77949
-10.0165	-2.00453
-2.72457	-21.3964
-18.5952	-3.66985
-8.20651	-15.5923
-15.5072	7.19412
6.98688	-13.0574
-11.4719	-13.2954
-12.5991	-2.41124
-4.89665	-11.2812
-7.50758	-19.0717
-18.0102	-4.45147
-3.439	-10.2346
-12.0266	3.90041
3.85734	-8.46339
-8.76587	-12.0846
-12.0147	-7.29387
-6.74873	-1.0961
-0.120866	-22.5234
-22.4652	-3.30612
-3.97279	-14.6366
-13.9707	5.17421
0.737654	-11.675
-10.8204	-14.5955
-15.4704	-21.4581
-21.6944	-0.188509
0.00986696	-8.64566
-8.66809	-4.72991
-2.75237	-12.8185
-17.9948	9.41948
9.16934	-3.21898
-4.65969	-6.48325
-4.23661	-8.00994
-4.66528	-2.68581
-2.57319	-15.5367
-10.3409	-13.325
-10.7245	-11.0816
-5.44375	-2.21294
-2.85071	-1.01334
-7.10836	-20.3852
-22.4582	-6.95782
-3.16228	1.92803
1.27243	-8.84855
-17.081	-2.33318
-3.75172	-0.634314
2.06253	-6.63749
-3.72019	2.64481
-0.539813	-11.9273
-11.3719	-7.00861
-8.09397	-8.347
-8.51678	-20.6842
-14.5187	-7.8729
-7.11174	-0.671737
4.45459	-4.0848
-2.35223	-3.20111
-3.35727	-24.5843
-26.985	-5.76889
-6.87142	4.1322
1.24676	-4.47586
-11.4447	1.10432
-5.20246	-1.07269
2.60174	-4.86503
-5.74725	-6.21589
-8.3985	-12.1353
-12.2693	-23.7849
-22.8142	-4.06711
-4.06999	-7.67655
-3.6861	-7.18885
-4.11845	-0.799069
3.48128	2.93886
0.025571	-5.44973
-2.10018	-26.1985
-29.4619	-6.55583
-8.57439	-8.67175
-10.6536	3.61787
3.94934	-3.05755
-0.404394	-0.368048
6.86095	-9.73905
1.95238	0.587899
-4.26616	-20.1695
-13.133	-13.0194
-17.4374	-9.7806
-8.92399	-5.75367
-9.01787	-3.21254
-1.86903	-7.86019
-8.0836	9.65334
11.1938	-12.7015
-10.7289	-9.43413
-7.53829	-13.489
-7.81387	-11.1006
-4.40021	-12.563
-11.1451	-5.52347
-5.14352	0.814474
-3.98141	0.488173
0.365435	-9.78642
-12.5776	-13.872
-7.635	-10.281
-13.4001	-14.9999
-13.1611	-10.8302
-13.2055	2.82289
2.08596	-15.2604
-14.3355	0.182946
-2.20083	-6.80582
-7.31728	-6.15736
-5.67736	-10.3936
-9.38837	-4.07324
-3.25755	-14.259
-13.3594	-3.35884
-2.00594	-12.5594
-7.05605	-0.0138659
-8.08704	-6.6071
-5.50938	-11.5127
-11.8499	-10.2
-7.24597	-6.78284
-6.7434	-14.6959
-17.9986	3.53879
6.27144	0.246955
0.224442	-4.34703
-7.29453	-8.09026
-6.93909	-16.392
-16.8713	-13.1733
-12.4204	-4.4141
-11.6109	-12.4968
-16.4275	11.8574
10.2511	-4.68234
-4.10322	-4.85413
-6.42498	-6.68565
-6.72478	-9.56022
-9.96414	-10.8854
-6.06253	-5.53429
-4.60389	-18.2698
-17.6831	4.27318
0.856362	0.589437
3.10192	3.95797
-6.03888	-2.8393
-4.57818	-26.0499
-28.1877	-8.69481
-5.09953	-6.39103
-7.35317	-1.41387
-4.72246	-0.717583
-4.77916	2.55522
7.14248	2.87133
-17.7836	-10.3389
-9.594	7.73216
2.70073	-4.09046
-4.12007	4.90706
1.29546	2.14069
0.224535	1.97722
0.786616	-2.48101
-6.72773	-19.6227
-20.0683	-15.0642
-14.8308	-2.34315
-0.319385	4.09876
-4.7725	-8.38558
-6.6422	-7.3103
-4.30872	-2.53484
-0.832798	-7.83065
-8.5713	-7.49642
-7.8223	-8.68269
-9.43657	0.506797
1.66657	-19.8228
-22.1268	-10.412
-12.9267	-9.99516
-6.19378	-2.96969
-3.57321	-9.09733
-8.52332	-12.3719
-13.1779	-23.5737
-24.6677	2.87963
2.13512	-12.91
-10.4587	-5.0483
-7.80388	-3.28028
-4.85943	-4.93138
-3.5922	-5.84148
-5.07592	-7.46239
-6.18246	-15.8734
-13.4812	-3.12772
0.044051	-11.036
-8.70796	-1.54802
0.670251	1.58453
6.15042	3.67298
1.61282	-9.05673
-6.88406	-19.1651
-11.6036	-9.8956
-18.4232	-3.93941
-5.2923	-4.86395
-1.88338	-5.99424
-3.34917	-1.89145
-2.76104	-0.19095
4.04807	-9.62501
-10.1226	-13.2121
-15.2425	-20.7787
-19.6254	-7.18679
-6.41411	-8.69829
-12.744	-3.23268
0.676337	-2.1912
-7.89059	-4.02678
1.16171	-2.43466
-2.40977	-7.47323
-7.71182	-8.90729
-9.75681	-3.96241
-6.58055	-19.3891
-16.9606	-7.12125
-9.20643	-7.84149
-13.5004	-3.39087
-3.87764	-1.60805
-0.642272	-23.2793
-27.3268	-6.83747
-5.92327	-6.3346
-7.86652	-8.69835
-3.68443	-3.28338
6.11514	6.544
-0.739324	-3.83428
-2.19747	-1.59648
3.3336	-21.7233
-21.6534	-8.34957
-11.0623	3.25774
-0.954889	-17.3047
-24.315	-2.49257
-6.56332	-5.34296
-8.21598	3.54775
1.78162	-0.937118
-1.12279	-15.5493
-19.7804	3.61678
-7.25058	-4.56379
-5.16612	-19.9923
-16.4247	2.1685
1.95271	-4.14472
-4.22408	-8.38502
-6.27096	-14.6572
-16.2038	-19.1598
-17.1777	-19.8742
-21.9299	-4.57424
-5.21729	-9.74798
-5.81924	-8.80222
-9.47647	4.64553
0.598162	5.38059
11.0112	-17.3979
-11.116	-13.4242
-17.2793	-15.5438
-13.2042	-4.52702
-3.88519	-9.24669
-8.06844	-2.53382
-5.40785	-0.786951
0.203645	-1.51589
0.26111	-11.6755
-11.9018	-14.8194
-12.4325	-22.1626
-16.4306	-4.63578
-3.18513	-9.50563
-13.0622	-13.8352
-9.32422	-4.70857
-7.16914	-6.17024
-9.51708	-11.5265
-0.156652	-20.3834
-18.7628	-15.237
-15.7241	-5.75871
-6.30472	-10.577
-8.48813	1.76197
-3.9695	-9.75509
-3.45036	-4.61304
-3.47449	-16.004
-11.0936	-11.0707
-10.2458	-12.7763
-11.7882	3.85431
3.33112	-18.8596
-16.4671	-8.03409
-4.45913	-13.529
-9.91805	-1.87122
-3.55633	-7.45409
-11.4853	-18.0088
-18.879	-22.3403
-21.7666	-1.72237
-1.92493	-8.3747
-11.6235	2.31349
1.2092	-0.109595
-4.88872	-0.567594
-2.27662	-12.5862
-13.1489	-13.5942
-19.1532	-18.9854
-17.7306	-0.666895
-4.23559	-9.48865
-12.5442	2.63805
-2.96178	-9.1655
-6.04876	-4.16373
3.35323	-0.363962
-1.78359	-16.5319
-13.034	2.14612
0.422124	-5.37513
-2.73694	-19.3476
-15.8076	-8.589
-8.26063	-9.20403
-7.67731	-7.80519
3.59777	-6.12624
-5.76708	-8.57141
-7.73854	-1.76933
-1.62374	-2.24267
1.39166	-12.9234
-11.4496	-3.21362
-4.10756	-3.21773
2.89171	1.83287
0.00768175	-14.2199
-12.0423	-11.9367
-11.0902	-21.5048
-20.6058	-5.08539
-4.93358	-8.7627
-10.1182	-5.91524
-7.30475	-4.93211
-7.51047	-5.52786
0.0850727	-3.26136
-3.20991	-18.2755
-21.0358	-12.7483
-14.0919	-6.38336
-3.90474	-6.64494
-7.53588	-2.06041
-8.85933	-4.4899
3.51881	-2.17586
-4.32943	-3.68195
-2.86927	-4.78854
-7.17475	-9.5422
-7.54882	-0.356822
-0.0141277	-19.4007
-19.9015	-7.39482
-7.71408	-15.7277
-15.5151	9.53535
6.8521	-10.8351
-13.0097	-9.03793
-8.82498	-7.65775
-7.68499	1.21741
0.108119	-22.1635
-23.333	-3.20696
-7.6599	-13.0007
-2.48132	3.73525
-2.03717	-14.263
-14.9888	-13.892
-12.8864	-22.5812
-21.5176	-0.997294
-3.848	-8.36833
-8.87821	-1.18392
-1.68554	1.06882
-7.17479	11.8607
10.5051	-16.9838
-18.0906	-15.3475
-15.4774	-15.742
-15.7342	-8.85103
-8.97782	-11.1155
-12.0838	-4.07563
-7.39806	3.26947
5.91739	1.85067
5.10536	-13.6984
-7.43527	-17.5155
-23.9594	-2.08526
-6.07867	-13.6843
-7.88021	-5.83947
-5.49952	-7.65002
-7.82423	-3.01803
7.02094	-3.89013
-5.07384	-8.88535
-12.9288	-8.67324
-9.87502	-18.5843
-18.6913	-8.2591
-7.03658	-2.4388
-4.44071	-5.78583
-7.55859	-2.74757
-2.95214	-0.360687
-1.03314	-9.62574
-5.04695	-22.8528
-20.4774	-5.34516
-8.90986	-4.78131
-10.0041	-4.88525
-2.27435	-2.33036
-2.37763	-6.05966
-6.03092	-0.32959
-1.61394	-15.2365
-14.8472	-16.3788
-16.1466	-22.5648
-21.7528	5.18998
5.40344	-7.23974
-7.91598	-1.13004
-1.59127	-3.45163
-4.44094	-8.40783
-9.38731	-10.642
-5.50677	-12.3341
-6.7555	-10.1904
-12.8265	1.78719
0.749652	-12.8892
-16.8524	-1.4343
-5.0481	-8.44065
-13.2751	1.80519
3.35322	-7.90458
-5.32121	-8.01251
-7.24381	-6.48121
-1.81585	3.29747
8.03322	-5.57525
0.955551	2.82368
4.95786	-2.28954
-3.64154	-4.26054
7.05378	-3.93907
-0.268446	-20.4203
-21.1851	-11.6997
-11.2561	1.96725
1.8247	-7.58595
-4.37473	-1.95613
1.94383	0.446514
2.34712	2.93992
-21.5417	-10.962
-12.5743	0.347484
5.00524	-4.25509
-7.03675	0.396137
-1.32121	-5.0619
-2.01515	-5.77497
-1.62634	1.90022
-4.15043	-21.8825
-22.2205	-8.76821
-6.28758	4.06458
-12.235	-14.3942
-14.2107	2.42653
6.09351	-14.7055
-16.751	5.65986
5.94314	-10.8464
-11.3464	-10.6774
-9.92465	-7.19954
-7.0321	-4.56357
-3.57984	-9.43426
-10.4047	-4.43846
-4.59157	-21.7954
-21.3267	-0.96126
0.47044	-9.26598
-7.18813	-9.0536
-10.5835	-12.3608
-15.3095	-9.11269
-8.57288	-6.54283
-4.79291	-15.754
-16.9446	-0.0401537
1.69522	-2.50175
-2.89203	-0.825556
-1.42077	-26.5431
-27.7919	-4.49041
-4.54262	-2.54738
-6.24178	-5.33836
-4.68572	-4.11795
2.10864	0.919148
3.57895	-3.1086
-10.988	-13.1788
-14.8184	-13.8533
-16.287	-23.4018
-21.9636	-2.33886
-4.24813	-15.0987
-16.7336	3.45167
5.62582	-2.28888
-1.5297	-4.80455
-0.229948	-7.20893
-6.33579	-17.6144
-9.81334	-9.09289
-10.8629	-6.21471
-7.80424	-15.4748
-18.5364	-6.44728
-8.33114	-10.2065
-7.32906	-9.26329
-4.72545	-2.46662
-7.29848	-8.31439
-17.9017	-7.9462
-9.19569	-5.70892
-4.13868	-18.7756
-16.5288	2.30947
1.70867	-1.33929
-1.84578	-5.3481
1.93529	-17.4071
-18.4265	-16.5858
-17.6662	-19.7943
-20.671	-3.88176
-3.62302	-8.97269
-10.9654	-1.00224
-0.394329	0.630586
2.38922	3.19237
9.15567	-7.95298
-9.67866	-11.5017
-13.9463	-12.2135
-18.5221	-3.2068
-11.4498	2.00316
-0.562594	3.53521
-0.538727	0.17182
-6.39727	-4.80795
-1.88781	-12.9559
-9.1734	-11.5563
-9.01004	-16.8056
-15.7924	-2.77218
-4.32473	-15.7264
-14.6222	-7.72713
-6.90262	-12.7276
-9.70118	11.2938
3.22925	-5.82269
-8.54106	-9.53164
-9.52736	-8.82976
-7.47409	-3.2365
-3.6699	-19.7023
-21.8495	-4.21405
-4.66148	-14.1481
-15.1309	14.2833
10.4936	-15.5653
-14.0797	-12.7587
-12.3241	-20.4005
-20.4944	0.896313
1.07799	-12.1161
-10.627	-2.72141
-2.33407	1.46332
2.25345	-4.25502
-6.54307	3.01657
-6.17523	-25.3525
-27.1795	-8.30079
-5.26814	-5.5656
-5.74586	-5.60306
-6.90735	-0.652139
-3.39213	-4.47449
-1.60384	-9.53404
-1.1475	1.08159
-9.23968	-13.9252
-11.8102	-14.4156
-16.1994	-2.94142
-3.79065	-20.4111
-19.0832	-3.16922
-3.52973	2.03509
2.15309	1.79412
0.504363	-17.0673
-15.7418	-14.6629
-15.3441	-21.4874
-22.7441	-1.40978
-2.28249	-10.1094
-8.62645	-4.0052
-7.48634	-1.58095
-3.84394	-2.39509
3.35578	-17.4664
-11.078	-21.25
-18.092	-11.4106
-15.6043	-5.01822
-6.73472	-8.41241
-9.66263	-7.34069
-9.92252	-7.2815
-9.87054	8.20447
9.21662	-4.81263
-3.74738	-8.89543
-11.0253	-12.8989
-9.40297	-5.93817
-7.50066	-15.2843
-19.8834	-4.2949
-3.98702	3.30007
0.162339	4.25768
4.12649	-3.92862
-0.754631	-17.4147
-17.1692	7.47144
6.60631	-9.55697
-11.9229	-19.7349
-17.1881	-5.27478
-3.25844	-3.03361
-1.8971	4.21877
2.7813	-0.621561
-1.65101	-14.3073
-14.5835	-7.63077
-10.7451	-7.39283
-6.73795	-17.8125
-17.1932	6.87921
5.97787	-5.92057
-6.05925	-10.7401
-6.91945	-4.97277
-4.05042	-12.2263
-12.1008	-5.32474
-6.78893	4.32846
9.16598	-12.8743
-12.3265	2.7197
-6.48661	-11.8611
-3.03559	-3.88153
-1.82146	-5.65247
-6.65078	-19.4166
-20.3028	-11.8777
-10.6794	1.97282
-0.390066	-5.15318
-9.09985	-2.12752
-0.182318	-0.982395
-20.0046	-11.0632
-11.2307	1.85599
3.42846	-6.96611
-4.39893	-2.56854
-0.199086	-4.39289
1.0114	-3.01964
-3.43404	-3.27162
-0.160533	-22.9591
-22.6139	-10.9916
-12.2955	2.64175
4.82185	-7.59027
-19.1538	-8.35714
2.35845	-1.92765
6.47372	1.2908
-7.35968	-16.4964
-12.1518	-13.5726
-15.1704	-7.97037
-6.94798	-11.9647
-10.1075	-22.0196
-14.8584	-7.61908
-6.03293	5.35214
0.109186	-7.9633
-1.04091	7.46509
3.07239	-28.2623
-27.3234	-7.61729
-5.69129	-6.53585
-1.88675	-9.49733
-16.0887	-14.631
-11.9768	-0.877081
0.26875	1.09017
-1.82872	-13.3309
-11.5513	-12.1929
-11.2647	-8.64097
-7.26284	-5.51714
-5.24548	-19.061
-14.2249	-5.99127
-7.41923	-14.4692
-14.3516	0.955442
-1.66258	-6.42468
-5.88205	-4.08929
-3.99945	-7.53926
-7.71105	-6.15795
-7.21412	-15.711
-17.2131	-6.87056
-0.00274612	-13.7996
-8.89049	1.71699
1.622	-7.10332
-4.84946	-15.4118
-15.718	-13.3905
-15.4711	-6.82987
-7.93911	-18.0829
-15.116	-7.49414
-9.30745	3.36326
1.71978	1.51235
1.49806	-6.353
-2.62668	-9.14377
-7.26034	-13.2508
-8.42951	-3.05976
-3.12862	-17.8943
-8.59469	-8.21493
-8.73145	-5.77575
-15.698	-11.3613
-13.3612	-0.94748
0.0318387	-11.8687
-11.6155	-12.8448
-12.627	-7.27044
-7.87829	-17.8743
-19.0835	3.73351
4.95789	-17.9055
-18.0744	5.53658
2.47214	-7.36145
-8.83369	-6.8056
-5.21927	-8.84299
-6.83879	-8.20121
-6.73818	-14.2944
-16.9812	-8.00159
-11.7133	-8.70236
-11.4724	-9.42793
-4.327	-6.14614
2.57626	-20.0921
-12.3027	-8.03367
-9.17721	-7.82217
-9.2023	-19.0075
-20.0098	0.25965
-1.35516	-1.06743
-5.27294	-7.48151
1.0895	-2.8486
-3.67708	-7.929
-8.56252	-10.2402
-10.3646	1.53591
0.919989	-22.5497
-23.6722	-3.45608
-2.93884	-13.0035
-4.28214	-1.92767
-5.81226	-7.40321
-9.7925	-13.3324
-13.3051	-14.9198
-12.3336	-5.07395
-8.77431	-18.9115
-20.5864	1.11255
0.484247	-4.6666
-6.53669	-1.72876
2.95273	-0.976997
-0.41612	-17.616
-17.9533	2.93315
3.24419	-14.4874
-16.1598	-21.0397
-21.9891	-2.31668
-0.36514	-6.3208
-3.89346	4.38753
1.37229	-2.65169
-5.14397	-16.8225
-17.8965	-14.0531
-16.2607	-3.91951
-2.39189	-16.3526
-14.8411	-1.00813
-0.671622	-9.95463
-10.556	5.38134
7.94163	-4.56285
-5.88912	-6.55174
-6.51074	-4.22423
-3.39574	1.24141
-3.01752	-13.9619
-19.0669	-7.80919
-5.80946	-6.92428
-6.57183	-6.40017
-5.39723	-13.9285
-7.25175	-19.5593
-20.1535	-13.1153
-13.4796	1.0259
-1.92065	-13.846
-11.843	-6.57968
-2.39977	-7.52285
-5.80686	-1.94766
-3.33027	-13.7853
-14.6285	-18.0592
-17.4329	-22.517
-22.813	-3.98598
-4.21902	-17.2837
-13.0692	-5.40989
2.84999	-1.02869
2.75982	-5.65887
-0.894442	-5.59557
-1.47985	-19.5096
-26.2352	-7.75196
-7.1192	-12.9326
-9.94045	1.44381
-2.89077	-7.59193
-1.35655	1.88034
-5.21969	2.91822
-2.1914	-8.45847
-5.77342	-22.4798
-19.7256	-5.93456
-8.94281	3.75958
3.56486	-9.18194
-3.99055	-5.26165
-5.5732	1.72432
-9.73965	-7.50085
5.10909	-0.832065
-6.5628	-9.82182
-11.1465	-9.89332
-7.07559	-13.2594
-11.5828	-14.8248
-12.7911	-14.4052
-5.4157	0.0777542
-0.658827	-14.5973
-21.7033	-3.02637
7.51067	-30.4164
-28.9819	-3.57045
-8.62517	-12.5709
-12.9405	-4.1827
-7.52477	7.60439
2.62226	-5.6206
-3.34724	-3.69776
-2.90643	0.454759
-1.9369	-14.5695
-15.0176	-1.95421
-5.90369	-8.06408
-7.05951	-26.8324
-27.5964	1.70248
-4.1349	-4.31772
-6.21304	-2.68064
0.36589	-2.44761
4.88618	-6.01909
-6.65765	-5.18443
-3.09456	-2.6449
-0.625977	-18.3688
-19.8151	-9.46657
-3.70835	-1.46239
0.535391	-1.67141
8.21477	-12.6777
-13.9211	-10.681
-11.1144	-11.2628
-8.9162	-4.17788
-4.97898	-17.7926
-13.9844	-2.54908
-1.79112	-2.05035
-0.256455	-4.49835
-7.20164	-12.8861
-8.43964	-12.6314
-9.76966	-16.0448
-14.6841	-1.6809
-0.904832	-10.8792
-8.49056	2.93557
2.89108	-2.29701
-2.07549	-5.19358
-8.54336	-10.9636
-10.4669	-12.524
-19.3224	-4.59131
-10.4074	-5.53255
-7.24102	-5.92384
-3.22498	-7.68454
-11.2801	-0.64962
5.62846	-7.56262
-6.83222	-1.10888
-1.34584	-27.3772
-27.5032	-4.09888
-6.23471	-13.5493
-11.9468	-4.54834
2.50783	-0.473516
-12.1413	-0.704105
9.58355	-4.01386
-12.5164	-2.96387
-1.83689	-20.9893
-22.0427	-12.1145
-10.906	3.18085
3.22473	-7.25743
-7.58766	-6.64856
-3.48642	-5.71846
-4.3495	-7.82138
-5.05879	-3.53903
-19.5121	-10.1974
-11.0247	3.31755
2.98205	-5.29928
-4.68547	-1.86104
0.863775	-2.36976
-2.12972	-0.909523
0.0730885	2.01883
7.66352	-23.2394
-22.8727	-12.5816
-11.2238	4.98925
6.37253	-6.62814
-2.60065	-5.77362
4.91452	-4.12623
-4.07893	2.61121
1.06414	4.54989
-2.37722	-23.7176
-21.5197	-13.2535
-13.3446	7.48053
4.82021	-3.38317
-8.39868	0.66905
0.24018	-0.896243
1.49128	8.84628
18.3623	16.0937
19.6242	-18.1815
-20.4532	-8.31706
3.02529	-18.7017
-20.849	-14.7284
-18.3996	-4.43075
-7.9811	-7.58161
-6.64531	-2.16988
0.0936612	-2.88136
-6.40038	-12.3688
-11.9322	6.8139
6.01794	-13.723
-1.35524	-18.3091
-11.6705	-8.85382
-11.1409	-7.17361
-7.10819	-3.40977
-10.3064	-1.1857
2.10657	-29.9028
-25.9224	-5.46297
2.19674	-12.0385
-14.3242	-21.056
-22.6445	2.53951
4.39178	-3.22963
-3.42113	-2.22667
-6.45945	-5.78246
-6.14547	-17.1428
-16.7278	-11.3566
-9.77982	-10.8144
-11.9341	-18.8559
-15.62	5.15262
0.326682	-18.3313
-16.2088	7.78389
5.7577	-11.987
-6.40651	-7.34361
-7.65499	-8.01513
-8.25053	-8.74273
-10.4855	-16.0786
-15.4878	-3.05546
2.58113	-10.0391
-5.7559	0.143488
-3.22188	-2.0007
-7.4021	-15.0817
-16.6805	-12.8756
-14.9784	-7.29709
-7.69454	-19.4726
-15.2139	-0.64015
-2.21089	1.36266
-3.53277	-3.54942
-1.51055	-13.0588
-11.2409	-12.186
-18.4505	-3.96857
-9.72492	-4.59563
-7.54685	-7.29794
-1.66255	2.0565
2.05484	-2.28564
6.1714	-3.27554
-2.04542	-10.401
-11.334	-10.784
-11.7469	-20.231
-21.9747	-5.41738
-3.3616	-13.3121
-14.7213	0.258177
-1.10395	0.466576
2.0564	3.21357
2.7281	-14.7656
-12.2322	-6.93077
-8.0344	-6.8286
-6.98338	-4.77644
-1.88739	-23.0007
-25.0173	-0.473429
-1.68897	-14.2507
-15.5577	6.45429
7.9174	-13.3956
-13.5067	-10.5
-12.3417	-9.30325
-12.6118	-4.33659
-5.43903	-22.5103
-21.4708	8.24745
5.10527	-13.388
-15.9837	-0.999803
0.228204	-5.21812
-5.64687	-5.55022
-5.24216	-7.8375
-7.7779	-3.99801
-5.64392	-14.4599
-14.7159	-10.6139
-6.92934	-4.83319
-2.50808	-5.86037
-9.68905	-1.14611
1.0143	-22.5584
-19.7259	-3.38472
-1.08416	4.0412
-7.27443	-19.3639
-13.0981	-7.9204
-9.1087	3.13101
0.255666	1.57143
5.04559	-13.8775
-14.2293	-14.8237
-16.0232	-18.2035
-17.8082	-9.17645
-8.21146	-10.7825
-10.5148	0.157118
-0.344256	-11.2377
-11.1041	8.33031
6.7917	-16.2233
-15.1213	-14.4986
-14.0233	-22.9927
-18.4967	-4.48682
-10.0764	-7.97481
-5.86299	-6.65888
-7.75105	3.45627
10.8774	-3.00576
-5.49358	0.959609
-4.93513	-28.3004
-28.9849	-6.31372
-4.41823	-3.43005
-3.74459	-9.54363
-6.93877	-15.4253
-3.14972	1.08715
-4.71751	-8.51771
-9.00539	-10.9498
-10.0595	-12.3088
-11.0507	-19.4772
-12.7903	3.42146
4.39404	-19.4969
-19.3382	-6.32849
-7.77628	-17.1458
-13.8897	10.6819
10.5564	-7.53277
-8.45081	-6.22391
-6.72922	-5.38292
-4.82878	0.309365
7.08521	-8.62022
-5.98795	0.646105
-2.67776	-3.02806
-0.894344	2.54872
-8.49985	-3.3126
-10.3564	-18.9963
-13.523	-11.1536
-3.03204	-6.39853
-4.99934	-13.8909
-13.8441	2.73321
3.61061	-3.03086
-4.92941	-10.8811
-11.2126	-7.05983
-7.45055	-16.1416
-15.5445	-10.6648
-11.2799	-2.95319
-3.08293	-16.6419
-15.4005	8.01192
3.77415	-3.14263
-3.60094	-1.77593
1.10915	-11.3609
-8.68856	-7.58513
-8.18352	-7.88378
-9.13439	1.33998
0.247856	-17.5735
-13.619	-3.74347
-0.386623	-14.2021
-5.80656	-1.43305
-0.417653	-9.96427
-8.74091	-11.3907
-11.6069	-0.419683
1.01287	-12.8698
-7.70062	-10.4554
-11.2488	-2.50247
-6.12329	0.212089
5.94124	-3.78357
1.2631	4.42966
1.44944	-21.8796
-21.7455	-5.39088
-4.58072	-9.76283
-11.4454	-14.0299
-12.5618	-7.59202
-3.96077	4.52313
-1.20904	-8.06721
-6.95223	8.24916
7.11064	-20.3733
-19.1853	-5.96806
-5.35577	-5.76603
0.343714	-6.14562
-11.6829	-6.97375
-5.21106	-1.06885
4.3404	-0.466783
-1.2413	0.285057
1.74258	-19.8003
-19.2575	-11.1162
-12.5999	1.99952
0.153793	-8.44808
-14.8605	-0.281567
-9.30343	0.542794
-19.0719	-10.9814
-10.4648	2.62895
-0.6537	-4.06077
-6.59169	-1.18483
-3.15172	-5.23699
7.42391	0.781692
3.01705	5.20535
-1.3003	-19.7219
-21.6358	-8.0996
-8.57261	-2.82853
-3.67207	-7.56275
-4.07089	2.78789
0.611845	5.37316
-1.78352	-1.96357
-0.324104	1.66596
5.00092	-23.4493
-17.2333	1.74609
1.31171	-8.77724
-8.61344	-26.7617
-26.9555	-2.02993
-1.42731	-8.91698
-10.5517	3.94571
1.82457	-2.0183
-2.07732	-16.4551
-22.1358	0.816953
-1.0743	-4.13891
-9.32839	-4.19242
-7.16987	-5.9921
-1.15929	-2.64968
2.94044	5.70052
-4.08461	-4.25504
-3.45	-23.9563
-17.2905	-5.80669
-13.8257	-4.76812
-1.95485	-15.5755
-13.4041	1.66907
0.328393	-5.22765
-5.44158	-9.49894
-8.61614	-11.3191
-10.8075	-21.8285
-21.258	-20.4549
-20.0331	1.05196
1.12146	-12.8897
-15.0297	-1.59329
-1.27083	-6.16376
-5.7712	-11.0702
-12.4443	-7.67241
-5.49855	-17.9628
-13.8785	-11.9007
-11.2657	-3.66947
-4.79922	-17.7994
-18.0653	-5.82403
-5.69587	-7.09944
-8.69856	-5.81351
-4.41096	-5.17962
-7.06845	-6.89591
-7.28867	-8.16836
-5.58562	-0.879243
-9.96845	-3.82914
-2.6607	-7.46116
-10.0336	3.07856
4.08116	-6.43352
-6.76466	4.54101
-1.77201	-30.8542
-29.6329	-4.02658
-6.5516	-1.72606
-2.66541	-10.9003
-26.1976	-8.07287
-3.40968	8.26002
0.601139	0.725816
0.149509	0.874533
-0.426835	-20.8896
-21.7411	-10.0949
-10.0479	3.68672
3.99121	-6.73875
-5.12634	2.0716
-3.99404	-5.42331
-7.23473	-3.71839
-11.4428	-6.88866
-5.11572	-7.46703
-7.23498	-14.5561
-14.3412	-8.84698
-4.82609	-13.5862
-14.9571	-0.954703
-3.03304	-22.4388
-22.916	4.44968
5.06999	-4.22441
-6.76211	-8.2182
-8.67995	-8.1519
-7.52402	1.81583
2.81572	-18.8462
-20.5468	-5.5185
-6.28827	-14.8976
-15.0402	5.92283
8.51402	-10.3259
-10.1319	-14.0505
-16.3842	-13.074
-11.1446	-4.69194
-5.24149	-17.0263
-16.7391	4.52948
4.53339	-7.27641
-8.20073	-7.43426
-8.04624	-4.2994
-4.97134	-18.2185
-17.3964	-11.9945
-13.4584	-7.46667
-6.50641	-19.4529
-21.3882	2.82387
-0.388281	-1.45932
-0.95408	-13.4351
-9.04608	-11.0521
-10.4216	-14.4298
-20.5051	-8.34955
-7.92129	-9.7148
-4.45467	-12.6652
-5.83428	-8.94042
-8.52725	1.77087
0.0651028	-1.37422
-0.725842	-3.36781
1.60437	-27.7131
-24.1546	-8.04577
-12.5166	-12.8183
1.44737	-9.76848
-13.1599	4.92859
6.46555	12.9909
2.64782	0.0808338
4.32172	0.340478
3.14678	-22.1348
-21.9346	-14.3703
-9.73347	3.94926
-1.77485	-13.0001
-24.9387	-0.591634
-6.0355	-12.649
-3.23865	3.32714
-5.38226	-0.325048
-3.15131	-10.1244
-6.59726	-12.0451
-10.8575	-9.41364
-9.43152	-9.53562
-12.2362	-2.13518
-2.05302	-9.33764
-6.0795	-1.56276
-0.236542	1.08683
0.687688	-7.85853
-9.16874	-9.76717
-8.35237	-7.30811
-8.31543	-19.0281
-22.6716	-1.99496
-1.29919	-9.01539
-9.82585	-0.480956
-2.20786	2.05901
-6.84448	-7.79394
-7.2323	-4.24139
-5.6751	-0.748677
-1.61088	-16.4622
-14.3586	-7.49278
-7.35964	-5.69679
-4.88218	-4.73275
1.24146	-4.13363
-5.01977	-12.0744
-18.8872	-9.12313
-7.56053	-5.37189
-7.50173	-19.4965
-24.5217	-2.80255
-0.037657	-8.65635
-9.11496	3.57464
4.05862	-0.883798
-2.21258	-16.2727
-16.0341	5.75221
5.74946	-14.4338
-14.3002	-19.403
-17.8433	-1.56672
0.128456	-6.61109
-6.52182	4.34921
3.22154	-2.86017
-4.16109	-16.3037
-16.4431	-8.69913
-9.83168	-7.98737
-5.5567	-11.7714
-10.6578	6.40137
7.36267	-3.17207
-2.15521	-11.2103
-9.6001	-9.37895
-7.22577	-11.0667
-12.6439	-13.8334
-9.84359	0.587997
4.19825	-6.06428
-4.02428	5.41608
3.94218	3.18163
-1.16795	-1.64028
-3.68315	2.12144
1.52669	-26.7137
-26.47	-7.98603
-6.36576	-3.8217
-5.0244	-5.81778
-6.03878	-3.57372
0.188266	0.863418
-3.26218	-6.44399
-2.68685	-2.51571
3.78918	-24.3902
-26.1733	-8.10786
-11.7228	1.95836
0.163225	-4.0411
-5.00334	-4.41803
-4.22292	-4.77933
-2.05444	-1.47162
0.056176	4.27437
12.6092	-22.1802
-22.254	-11.0043
-9.53999	5.22044
1.9713	-10.1242
-11.6115	-4.72588
2.89136	3.99351
0.812077	-2.24086
-11.8126	0.69136
0.687048	-28.4696
-19.9028	-2.36313
-6.25862	-8.04842
-8.37644	-26.6467
-24.7846	-0.13736
0.919098	-1.90018
-4.63617	-0.440802
-1.88852	-3.12906
-4.82391	-17.0483
-16.4837	-6.94857
-8.39407	-13.324
-12.6564	-18.4386
-18.3022	7.86978
8.48254	-12.0159
-12.8416	-6.00626
-8.48351	-0.584452
2.4313	-11.7697
-9.73282	-15.3849
-15.2142	-5.58602
-5.12956	-16.6436
-15.6471	2.64189
2.11449	-17.8566
-18.7059	0.359702
-5.59291	-0.620836
1.55761	-16.0672
-16.8264	-17.7199
-19.0841	-0.842453
-1.04649	-16.8034
-16.9854	-4.63137
-1.06152	-2.26381
-1.55509	-6.00116
-8.91187	-12.2582
-11.2224	-16.9559
-15.3025	-20.9908
-21.2966	1.34529
1.6611	-19.3585
-19.4918	0.0187416
-4.21743	-10.0537
-11.2282	1.02184
-2.11948	-4.66895
-7.38584	-5.80465
-10.4859	-4.17703
-10.4704	-6.89884
-3.02982	-4.00997
-5.03637	-9.49655
0.313013	0.636916
-0.407757	-6.23688
-9.98808	-5.79238
-5.08343	-20.0762
-18.0776	-10.0916
-11.7335	-2.15653
-3.10453	-10.1417
-8.61627	-3.73932
-1.50705	-3.63479
-3.93986	-4.9116
-4.28086	-13.8559
-14.9706	-17.5999
-17.217	-21.115
-21.0891	-7.29105
-6.65527	-8.79215
-9.12386	-13.2271
-8.91088	-5.37826
1.57714	-4.01872
-8.0449	-11.2896
-6.45714	-20.7184
-20.2039	-8.08747
-18.149	-7.93404
-7.76455	-6.2601
-9.04033	-4.56755
-3.69949	-2.47605
-0.0572963	-1.43773
-1.89069	-17.2388
-16.4896	-13.4329
-8.33468	-11.7033
-10.0066	-4.0091
-2.5441	-12.4012
-13.0952	-5.52368
-7.22979	-5.00502
-7.47391	-8.72556
-14.7122	-8.83695
-5.04325	-18.3107
-15.0563	-1.28093
-5.57483	-7.46789
-4.67065	-16.3032
-16.8228	-10.5108
-10.3599	0.56176
-0.0691028	2.13032
6.15274	-14.6014
-16.3534	-12.7586
-14.616	-11.8312
-14.0671	-3.24946
-3.95957	-11.1757
-7.68172	-4.98173
-6.46077	-2.57456
-4.6214	-4.4934
-3.76731	-14.9372
-14.3614	-12.1197
-11.777	-7.37077
-7.60263	-3.59412
-4.40311	-17.6041
-19.2805	-2.69898
-2.33069	-14.5845
-13.1014	2.35626
-6.49254	-6.32449
-5.23836	-20.2722
-25.6315	-14.9362
-16.9393	-6.63901
0.200399	-6.49418
-7.46612	-4.93759
-8.84302	-3.08988
-1.91482	7.46552
11.2346	-13.5215
-12.685	-9.17157
-7.76277	-10.6824
-3.30972	-0.385234
1.89692	-10.1493
-12.5835	-7.75423
-0.486186	5.80937
2.12373	3.28037
-3.01254	-4.66109
-6.54925	-12.2661
-14.1282	-17.1309
-22.7015	-5.25956
-4.41449	-6.34583
-5.86592	-5.09543
-3.98541	-3.82834
-4.75805	7.95512
8.18727	-17.7006
-15.976	-10.6539
-10.2083	-16.4027
-14.065	-4.1135
-2.06042	-17.8565
-16.6091	-8.98594
-8.04407	-3.21821
1.03471	-2.18093
-0.416232	-0.43221
4.67704	-11.928
-16.5539	-4.48001
-0.250268	-9.66918
-8.70726	-20.3826
-19.8872	-3.77418
-2.12923	-12.7883
-12.814	5.65124
6.34454	-4.25649
-5.24246	-13.9595
-14.5379	3.4048
3.76769	-13.8088
-12.8573	-20.6677
-21.6137	0.995617
1.74772	-8.8463
-9.30749	3.63081
-1.03533	-5.80668
-9.70018	-13.3912
-11.9804	-13.7477
-15.5203	-0.635989
1.31503	-5.42351
-5.20377	-1.48176
-3.85858	-5.43964
-6.91492	-7.98875
-1.81303	-8.45984
-11.5894	-15.7917
-15.9181	-17.6026
-17.2253	0.508264
4.43484	0.240966
-2.5915	-1.96098
-6.43168	-0.0792868
-4.31231	-2.0249
-0.939612	-3.99298
1.44187	-20.6778
-22.1067	-13.98
-22.286	-12.0104
-12.0659	5.48021
2.93059	-6.47288
-6.2496	-0.479776
-0.14695	-1.68003
-3.59928	1.25308
3.01048	8.35817
5.13121	-21.9804
-22.0567	-9.54117
-10.2241	-3.55713
2.00722	-3.04134
-1.42768	-0.523359
-3.72922	-1.19621
-1.84629	-3.26581
1.57421	-6.14134
-10.7223	-16.753
-11.9031	-6.90202
-15.2059	-6.89447
-6.29796	-17.4834
-18.7596	-6.48613
-7.44628	-0.916498
-1.55594	-1.2181
-1.04884	-16.6595
-15.1368	-15.7569
-13.4174	-22.7647
-21.9642	-5.5301
-6.726	-9.2909
-10.7635	-4.12928
-1.9584	3.99446
2.9723	-2.11557
-5.86853	-7.3689
-1.2656	-28.142
-28.4369	-13.3017
-11.4328	-8.30696
-7.76779	-7.96355
-7.75044	-6.29297
-7.04506	-1.04889
0.630966	-1.19852
0.775719	-11.15
-12.1927	-12.0363
-11.331	-23.2243
-18.3276	-3.17234
-4.85455	-12.6536
-13.1901	-12.0667
-11.1132	-4.59946
-3.33903	9.01759
9.11236	-14.0454
-14.8494	-9.72634
-11.9574	-11.0266
-11.7407	-3.43382
-5.08464	-12.1519
-13.3288	-9.68598
-7.3038	-10.6403
-4.9373	-0.950334
-1.75205	-5.67769
-7.12371	-10.6979
-10.7471	-18.7502
-18.3173	-2.42451
-0.340457	-16.4831
-15.3261	-8.1252
-9.27075	-4.22866
-0.47103	-4.87053
-4.84769	-12.6958
-9.08616	-13.2619
-13.9431	-23.7661
-25.1651	1.23977
-1.49518	-11.8973
-12.4469	-3.96272
-5.98175	-6.09645
-6.29947	5.38253
-1.504	-10.8613
-1.63	-18.1637
-21.6509	-2.93868
-3.59623	-3.63578
-2.2489	-2.8021
-5.88685	-3.91138
1.27286	9.85456
0.179343	-6.12746
0.880514	-9.35289
-10.1238	-8.50596
-8.64565	-14.9431
-17.17	-6.17152
-2.82621	-15.0597
-9.45055	-15.7052
-19.031	-0.551959
0.0365415	6.4083
-0.242193	-8.23044
-10.8897	-16.3289
-16.3861	-7.93922
-5.76094	-0.401991
-0.519814	-7.88332
-13.1277	-0.836735
0.671225	9.8296
-1.68398	-3.21563
-1.86947	0.225968
-8.9883	-13.6884
-14.199	-15.5801
-15.6491	-5.67177
-6.36998	-24.4761
-25.4131	2.88254
2.21772	-2.33196
-2.51529	0.133925
-2.23062	-0.40404
-3.71794	-18.1296
-14.1857	-0.128702
-8.01478	-6.97667
-8.63575	-15.7025
-10.9738	-5.3993
-11.6044	1.20189
-3.96315	-5.07311
-6.154	-2.53527
-8.75369	-13.061
-11.4966	-13.7195
-14.431	-8.755
-8.97105	-14.9293
-15.3921	-5.58747
-4.35889	0.159981
2.24887	-2.23194
-2.50573	-15.0852
-14.1511	-10.8774
-8.56022	-9.35403
-5.47459	1.83085
-5.24857	-14.0492
-11.3887	-3.498
0.948576	5.34618
1.1428	2.19646
2.96573	-2.33723
-9.64155	-15.8801
-13.6134	-8.676
-13.1817	-1.58795
5.12974	-21.8311
-20.0946	-1.84646
0.0960121	-11.7815
-5.21034	-7.49147
-9.21651	-8.40977
-6.07778	-15.1284
-15.1132	-13.4582
-12.7158	-2.84412
-1.31384	-19.8559
-19.1524	6.46437
6.24105	-6.56903
-4.46856	-6.62005
-2.40082	-10.2442
-7.25774	-9.80428
-10.0675	-9.6075
-9.04201	1.17971
1.38136	-15.0429
-14.7664	-3.26941
-1.37341	-7.89797
-11.8939	-0.844556
6.67968	-7.12446
-12.0651	-13.0362
-11.8118	-2.18457
-2.46812	-12.131
-13.7054	-11.4014
-12.1267	3.82544
3.26406	-7.54756
-2.45333	-4.44463
-2.4576	1.39201
2.07614	-21.9751
-26.4173	-5.0796
-4.58946	-9.35347
-6.48889	-0.611986
-0.517897	-4.70003
-1.10487	3.23364
4.53096	-2.49131
-2.24015	3.49946
-1.78781	-28.9301
-26.8973	-5.43943
-3.62356	-8.08839
-10.5136	-11.0834
-0.931339	-3.32005
-5.96044	4.19031
5.97085	-0.0184833
-2.66554	-1.60684
4.34976	-23.4067
-25.2645	-12.8199
-8.62337	-0.293161
4.22844	-5.79937
-4.41709	3.27164
3.03954	4.06118
5.26528	4.82189
-15.0614	-14.1799
-19.7497	-1.10925
1.31916	-14.0988
-16.0919	-4.75995
-3.79516	-12.3146
-12.1658	3.30419
4.76253	-11.4718
-10.3911	-6.01522
-4.76384	-8.6334
-8.9919	-3.97199
2.39132	-2.9955
-2.63264	-1.55119
-2.2096	-6.792
-3.20399	1.1589
1.5784	-6.44148
-9.97239	-11.2662
-11.7052	-24.1399
-23.853	-4.78674
-2.18951	-12.6452
-12.5988	1.11407
-1.76355	-3.98166
-5.36861	-0.615559
4.35316	-9.16406
-15.0678	-9.90307
-10.8848	-7.56992
-7.8452	0.304958
-1.20718	-15.7414
-14.4376	-4.08633
-7.46692	-7.50088
-7.9741	-1.68525
-1.90369	-3.9718
-2.90788	-10.665
-10.3076	-19.0467
-19.5032	-13.3055
-14.8889	-6.23024
-5.28501	-6.91989
-9.15388	-6.52328
-7.52021	6.494
8.84701	-8.3685
-8.24948	-9.90424
-9.73152	-16.1197
-16.6408	-10.2386
-10.31	-7.21236
-8.56776	-11.9609
-11.5729	-1.27032
1.0134	4.19488
-1.8115	-15.5405
-12.4728	-11.9748
-12.0393	-23.2104
-22.7117	-3.55255
-3.90624	-9.31915
-13.4745	-5.95399
-10.0184	-13.1731
-11.1874	5.61109
8.36464	-13.8276
-15.4409	-9.91883
-9.28446	-8.14543
-6.97427	-4.09165
-4.65575	-20.0428
-19.2561	-5.65143
-8.22615	-6.68875
-5.59197	-3.8105
-9.75767	-9.26749
-5.71229	-11.2912
-11.9877	-18.3178
-4.61034	-9.77598
-11.6516	-5.84314
-8.44468	-6.2148
-6.90846	0.326809
-3.71511	4.19215
3.32912	-17.7055
-15.2236	-13.1959
-12.3588	-23.4851
-22.9821	-1.64214
0.592263	-13.819
-22.3314	-4.01439
-7.73738	-12.0055
-10.614	9.15681
10.9035	-12.2293
-12.1228	-12.5116
-13.2639	-24.4078
-23.2367	2.79446
-0.51234	-15.8857
-16.7043	2.62596
3.76485	-2.56568
-6.93598	-9.1353
-5.37448	-8.94094
-0.0680491	-12.8751
-15.5791	-8.03684
-11.023	-2.0529
-5.64099	-19.2939
-10.4212	-2.17687
9.00594	-7.37827
-4.14796	-4.36915
-9.14854	3.62094
-1.25169	-12.4131
-10.9751	-6.60757
-5.00711	-1.8845
0.840758	-15.8205
-17.5515	-8.96559
-11.4848	-7.85649
-5.24428	-8.32703
-3.56092	-7.91766
-1.19433	-8.22644
-12.2832	-1.38269
2.08177	-0.576971
-3.10422	-4.05506
-0.411035	-9.24314
-11.2555	-13.482
-8.56007	-5.49825
4.12221	-12.1525
-3.71192	-15.1591
-14.7915	-14.6059
-16.7001	-4.18029
-10.0331	-11.958
-10.1768	-1.39504
-1.79253	-2.78066
-4.2389	-0.16079
-2.70663	-6.77386
-2.43294	-5.00263
-4.1185	-20.4743
-14.6444	-7.96888
-7.10128	-7.15141
-10.3121	-8.66558
-4.62968	-3.67072
4.86082	-4.24255
2.48961	5.56849
-3.01764	-20.9745
-20.4211	-10.4481
-11.4691	2.88556
4.70389	-4.20148
-7.23443	-0.754087
1.21206	4.46148
10.1133	3.18395
6.66306	-13.173
-7.63481	-20.2455
-23.197	-13.746
-12.2765	-0.264799
1.00633	-9.52514
-6.82288	-6.25056
-1.05721	-2.03032
-8.00253	-7.66395
-0.829599	-5.82247
-6.13164	-19.1587
-22.5541	-6.75554
-12.5986	3.00851
-23.3195	-10.1961
-11.3134	3.41859
5.34483	-2.7505
-6.77572	1.0922
-1.29459	6.90257
1.80494	-2.6907
-5.82487	-7.69946
-4.74418	-17.2669
-11.4384	-12.2997
-14.0817	-4.80408
-2.14344	-23.5598
-19.4695	3.75094
2.32831	-0.329884
-1.43493	-7.34741
-6.7306	-11.1101
-11.6019	-14.3576
-12.4481	-19.8264
-19.4281	-11.4729
-12.8132	-6.81252
-9.00985	-9.0484
-13.3671	-6.84693
-6.95815	13.1472
11.0535	-3.9419
-4.77883	-9.26201
-10.7595	-8.47063
-8.58012	-7.38768
-5.53327	-13.1902
-16.9151	-15.5619
-10.6944	2.8442
0.0866163	-4.0058
-4.55563	0.898657
1.87848	-18.7419
-18.589	0.362108
-0.0409155	-14.1243
-13.8022	-23.481
-24.1675	1.98149
1.79204	-2.1643
-1.12095	-4.53218
-3.11149	-7.78325
-11.3596	-14.793
-12.7512	-10.3025
-10.1233	-3.98746
-2.41736	-19.2979
-20.9774	-5.67109
-0.394515	-17.8467
-19.1713	5.79637
2.87725	-7.9872
-9.43378	-9.39449
-13.5464	-14.848
-21.5837	-1.68317
-1.76437	-14.9388
-14.5406	-6.20478
-5.15696	-1.02396
-1.2118	-14.9234
-14.7812	-5.74797
-5.19214	-14.6032
-14.2323	-18.6766
-17.7937	-6.11938
-6.96451	-14.0554
-13.3774	-7.69075
-7.91747	1.65477
3.14053	-2.04256
-10.4253	-1.13315
-7.94203	-25.015
-26.8933	-0.783972
-2.61292	-12.7891
-10.395	-0.398074
-3.91753	-4.46664
-6.05332	-3.51366
-1.60755	-8.88051
-0.970207	-6.83466
-10.7695	-8.8588
-8.4763	-10.4232
-11.0865	-2.53453
-2.10219	-17.5876
-16.0952	-2.62348
-1.76342	-22.7529
-20.2701	5.69824
5.48045	-1.39729
-5.08133	-8.71476
-14.0453	-5.91657
-6.83799	1.26848
-1.47767	-5.308
-3.10604	1.41468
-4.00822	-5.93929
-1.12469	-3.84559
-2.96648	-13.5285
-14.19	-10.279
-9.07205	-14.2481
-9.54947	-9.66938
-7.40563	-2.08871
-2.11691	-5.84376
-5.45898	-4.44429
-1.27587	-5.09137
-2.56374	-1.80159
-2.88173	-22.7441
-17.8117	-9.24448
-15.607	-3.96056
-2.03143	-14.8319
-13.4366	-4.47534
-3.31439	-0.87915
-2.57956	4.32268
10.5914	-15.0068
-12.3151	-11.3725
-13.4103	-7.1086
-9.1081	-2.05752
0.901403	-6.97739
-8.56056	-4.24935
-1.00978	2.48224
0.369576	3.44408
4.87323	-0.752792
-10.0334	-17.7848
-15.4025	-13.9758
-13.3354	-5.81562
-3.93006	-22.818
-21.2179	-3.27695
-0.477368	-11.4962
-11.6731	2.7049
5.77705	-9.71142
-9.37177	-9.27949
-8.51516	-10.5959
-10.5244	-2.69962
-6.62599	-11.6684
-10.9923	-10.0373
-10.9295	5.32729
1.0049	-8.02721
-6.71187	-5.34568
-6.47706	-20.9818
-25.8899	-7.58858
-7.99723	-0.0253413
2.32038	-7.48664
-6.23528	-2.12154
-3.78252	-4.32892
-6.93013	-1.16615
-1.13032	-10.3231
-6.78362	-8.47384
-9.47452	-19.954
-20.3547	-4.70813
-6.62587	-4.20432
-5.5533	-5.56355
-2.74336	-4.35935
0.171614	-4.28204
-8.54603	-4.79963
-0.851766	-28.5144
-29.0977	-3.08122
-2.41493	-6.06866
-15.093	-5.23284
-4.54538	-6.33802
2.26094	-0.646191
4.85106	-5.63444
-8.21855	1.38662
-6.28705	-7.28541
-8.67629	-9.76093
-7.90533	-8.09242
-6.73882	-12.0682
-11.2307	-7.55926
-7.77513	1.54305
-2.59808	-8.18267
-5.59421	-6.14554
-5.43197	-9.75793
-10.7158	-18.2873
-19.6224	2.83682
0.806569	-13.8275
-11.5697	-1.16284
-3.14076	-3.47669
-3.72046	-7.63439
-5.68187	-12.3159
-10.2931	-14.3455
-14.386	-22.6896
-23.9212	1.80603
-2.51649	-4.10898
-6.48754	-0.155011
-1.14024	-1.43276
-9.04562	2.93528
0.169782	-19.5365
-16.0328	-8.14724
-7.42582	-12.6641
-11.6707	-2.84004
-2.86984	-9.39153
-6.86115	3.40093
-0.192465	-1.98466
-6.89929	-7.68332
-23.8577	-5.58634
-9.35417	2.85941
9.53754	-4.67225
-8.09161	-1.65577
2.65123	-3.16978
-7.41758	-1.01119
3.38576	-10.0775
-8.01101	-7.67276
-7.93705	-16.6521
-13.4509	-5.40681
0.477715	-18.771
-19.9947	-9.358
-9.35887	-11.6166
-4.65303	1.67743
4.18312	-12.8416
-10.9678	-13.0108
-14.1437	-23.18
-24.254	-1.56509
-3.74126	-10.8962
-10.7436	-9.02877
-5.35358	-5.03459
-4.51786	10.7603
9.23433	-14.5795
-12.0866	-10.1571
-12.2543	-6.79239
-9.38331	1.12396
-3.58747	-13.587
-19.6384	-2.96473
-1.72104	11.5961
-1.9255	-3.45005
-0.563399	-15.4959
-15.9569	-13.8554
-14.2762	-20.6428
-19.3694	-9.82219
-9.9475	-10.0458
-12.489	-3.65677
-3.92301	7.92783
7.78192	-7.99298
-13.0978	-13.701
-6.91555	-23.9916
-17.4499	-3.71678
-8.69615	-7.48211
-7.39075	-11.5196
-10.1038	-16.3655
-14.2601	-8.54011
-11.1203	0.856533
-6.44774	-3.83392
-0.117544	-7.75052
-13.9415	-13.2275
-16.2854	-7.7979
-7.50879	-7.28339
-7.22466	-6.49766
-5.21717	-4.90191
-4.07738	1.24683
7.86479	-16.7331
-12.3708	-11.8538
-10.9421	-19.4228
-19.6287	-5.05185
-3.03269	-10.8515
-13.1046	-11.1679
-3.64419	-4.42637
-4.75476	1.04427
0.768906	-8.23064
-10.7773	-17.3114
-14.108	-7.98605
-5.08002	-0.42365
-7.27281	-13.9647
-8.35363	-7.61013
-11.1941	-10.2178
-7.19987	10.2299
6.66179	-10.9611
-15.0818	-7.59626
-9.12022	-4.2614
-3.73456	1.10997
-2.17653	-9.62645
-13.6286	-5.67358
-1.5683	-1.83677
2.15038	-8.83719
-3.02644	-7.17588
-6.23933	-13.7682
-15.6045	-14.5181
-15.4619	-3.7984
-4.4327	-24.9393
-25.7618	7.13255
4.98987	-6.36086
-10.9391	-2.88998
3.90686	-7.12294
-9.72358	-7.21261
-6.11242	-7.14386
-4.54086	-4.99345
-2.42833	-9.943
-8.65266	-6.81168
-6.50713	-10.4158
-5.13314	-8.89239
-8.22404	1.75844
2.81277	-17.0225
-10.0889	-12.4066
-13.5979	-10.4174
-10.9843	-14.168
-12.9924	-3.68743
-4.57888	4.97739
-0.761523	-3.91358
2.24407	-9.74714
-8.38463	-14.2202
-14.9077	-21.6262
-20.2738	-5.00026
-4.29529	-10.6706
-12.973	-4.47856
-1.26083	-3.84096
-7.49879	-7.78407
-3.27332	-2.68096
-4.59628	-13.1288
-9.31509	-8.49657
-9.08388	-1.76981
-4.24076	-19.3783
-20.039	0.171227
1.12737	-14.5324
-9.1895	-8.05708
1.65681	-11.082
-10.4747	-15.9548
-25.626	-13.4133
-14.1827	-3.97044
-1.56982	-13.1441
-17.9883	3.92553
0.534347	0.368815
-1.17731	-10.4538
-8.11835	-8.78565
-13.618	-13.9085
-13.7611	-12.7379
-14.9837	-4.24888
-2.42576	-18.773
-16.7321	0.605144
-2.40703	-3.72533
-5.4664	4.80699
3.88316	-4.65697
-5.51631	-10.0853
-11.1184	-16.2743
-18.001	-7.38493
-6.55756	-9.93294
-9.85536	-2.28018
-1.90084	-4.51156
-3.56363	-6.17195
-6.6711	-11.7707
-10.7342	-12.1891
-11.4068	-12.623
-8.46555	-0.684068
-1.13523	-20.49
-20.1505	3.31892
1.6899	-16.6857
-12.3263	-2.02363
4.63688	-9.31425
-12.6015	-13.9759
-14.4936	-0.827121
-0.374044	-18.2252
-18.4919	-12.8721
-16.2551	4.07626
5.50071	-13.1879
-9.64588	-3.97338
-5.97587	-9.10804
-10.3559	-17.1498
-16.0627	-22.9864
-23.4307	-0.310582
-2.32773	-15.5452
-15.5239	-4.61604
-7.32417	-2.81038
-6.9815	8.04615
4.64305	-14.0702
-14.779	-17.7341
-16.1803	-20.8255
-20.0609	-6.17663
-7.20184	-1.69323
-3.47938	-3.70684
-1.61547	-10.6703
-13.4913	1.68004
1.01814	-5.84836
-6.64612	-8.41635
-10.4237	-8.55744
-7.92477	-1.01892
-2.64985	-20.2682
-21.7882	0.892454
-0.319585	-16.4809
-15.3475	4.58134
4.76777	-6.23593
-8.06028	-13.4402
-15.499	2.0056
1.1335	-13.0738
-12.8408	-17.5703
-19.3881	3.22373
0.939487	-3.36601
0.222042	-9.66051
-8.63833	-5.39693
-6.92776	-8.83878
-10.242	-3.13311
0.701195	-3.71115
-6.20822	-0.765653
1.34964	-5.03883
-6.93466	-1.24852
4.58567	-10.1818
-9.63236	-1.41797
1.03924	-26.3225
-23.4735	-9.5871
-11.0806	-1.30246
-1.68179	-9.12933
-6.05608	-2.85322
-12.5545	0.82184
-8.77038	10.2269
9.64285	-6.20481
-3.23026	-8.55993
-10.5863	-10.1752
-7.10868	-3.71323
-2.81253	-18.0218
-20.3269	-3.37211
-0.208226	-7.50279
-11.6551	-0.870994
1.80186	-0.627627
-1.74115	-17.8088
-17.4166	-0.935458
-3.57364	-11.0753
-8.69641	-24.3843
-22.709	6.17082
7.83171	-6.411
-3.81007	-6.25639
-6.93956	-3.01538
-0.163771	-9.41925
-10.6298	-3.75602
-6.22783	-6.76687
-3.67673	-12.8586
-14.4331	-3.4716
-2.10665	-0.0173215
-11.2525	-5.60352
-6.55599	-6.93544
-3.44458	-15.3436
-11.8494	-3.52564
-0.487716	-14.9596
-11.5417	-21.5189
-22.6619	2.8364
0.0752928	-5.55185
-1.75654	-2.50225
-4.7491	-1.7581
1.99612	-23.5436
-20.9202	-11.665
-12.4668	-3.84616
-2.82494	-13.1733
-10.9979	-3.75844
-8.33237	-4.0492
-5.2252	-5.2023
-13.9802	-13.1353
-12.2886	-13.3529
-12.1306	-17.5677
-14.4294	2.02647
3.66013	-5.41238
-0.368771	-2.24409
-0.922282	-1.39192
-6.06835	-5.89221
-3.05058	-0.932308
0.743481	-17.2281
-19.5825	-13.8474
-13.8714	6.19845
0.0993869	-5.97531
-6.30882	2.18958
0.447154	-4.05126
-1.65735	0.789038
